3.149
3.147
3.145
3.159
3.162
3.129
3.126
3.109
3.113
3.112
3.118
3.106
3.105
3.103
3.191
3.183
3.100
3.100
3.096
3.191
3.082
3.201
3.078
3.217
3.221
3.064
3.054
3.055
3.232
3.235
3.049
3.044
3.034
3.251
3.035
3.255
3.031
3.252
3.022
3.257
3.024
3.266
3.004
3.282
3.280
2.999
2.999
3.286
2.996
2.994
2.990
2.990
2.981
2.977
2.966
2.959
2.949
3.339
2.944
2.944
2.942
2.930
3.352
2.930
2.928
2.928
3.364
3.365
3.377
2.904
3.388
2.895
2.891
2.889
2.889
2.888
3.396
3.397
2.866
3.418
3.422
2.860
2.859
2.859
3.424
2.856
3.427
2.847
2.840
3.445
3.457
3.472
3.478
2.798
3.489
3.491
2.791
3.494
3.498
3.506
3.509
2.774
3.510
3.515
3.514
2.764
3.528
3.532
3.535
2.746
2.743
3.545
2.737
3.555
2.729
3.556
3.566
2.717
3.567
2.712
2.706
2.699
2.697
3.591
3.595
3.596
3.595
2.686
2.685
3.600
2.663
2.660
2.655
3.628
3.630
2.652
3.632
2.648
2.645
2.631
2.632
2.630
2.628
3.662
2.620
2.618
3.667
2.610
2.608
2.608
2.607
3.675
2.605
3.680
2.601
3.683
2.587
2.587
3.703
3.709
2.574
2.573
3.713
2.568
3.722
2.557
2.554
3.733
2.546
2.546
2.544
3.740
3.743
3.745
2.537
2.536
3.751
3.752
2.530
2.528
3.757
2.521
2.515
2.513
2.512
2.512
2.511
3.771
3.774
2.509
2.504
2.504
3.781
2.502
3.790
3.789
2.484
2.482
3.802
3.805
3.807
2.473
3.812
2.469
2.465
3.820
3.826
3.826
2.453
2.452
2.451
3.836
2.441
2.441
2.438
3.846
2.433
2.431
3.853
2.427
2.427
3.858
3.858
2.422
2.418
3.869
2.412
3.872
3.879
2.404
2.403
3.883
3.885
2.394
3.894
2.388
3.896
3.900
2.381
2.379
2.378
2.373
3.913
3.913
2.364
2.360
3.927
2.351
3.937
3.938
2.344
2.342
3.947
2.334
3.950
2.329
2.329
2.322
3.961
2.321
2.320
3.964
3.972
2.311
2.305
2.304
3.981
3.983
3.984
2.297
3.988
3.990
2.293
2.292
3.993
3.997
2.283
4.000
2.280
4.004
4.004
2.277
4.010
4.013
4.015
4.024
4.025
4.025
2.254
2.252
2.252
2.251
2.249
4.037
2.242
4.043
4.044
4.044
4.045
4.046
2.236
4.056
2.225
4.059
2.218
2.215
4.071
4.079
4.080
2.196
4.088
4.089
4.092
2.191
4.096
4.097
4.098
4.097
4.097
2.184
2.181
2.180
4.105
4.107
4.118
2.150
4.135
4.137
2.139
2.137
4.149
2.123
4.161
4.162
4.170
2.110
2.105
4.180
2.102
2.101
4.183
4.185
2.098
2.089
4.197
4.199
2.082
2.075
2.074
2.071
4.217
4.220
2.062
4.223
4.233
4.235
2.042
4.244
4.252
4.259
4.262
2.021
4.263
2.013
4.271
4.276
2.001
2.001
4.288
4.288
4.294
4.295
4.297
4.298
1.984
1.973
4.313
4.329
1.955
4.332
1.949
4.335
1.945
1.945
4.342
1.936
1.931
4.357
4.364
4.377
4.377
1.905
1.904
1.897
1.894
4.391
1.892
4.394
4.399
1.880
1.878
4.408
1.871
4.412
4.418
4.419
4.423
1.860
1.858
4.426
1.855
1.855
4.449
1.831
4.452
1.829
4.456
1.827
4.459
1.817
1.814
4.472
1.805
1.801
1.800
1.798
1.796
1.794
1.794
4.490
4.490
4.491
1.792
1.791
4.493
1.788
1.783
4.501
4.506
4.507
4.508
4.519
4.521
1.762
1.755
4.533
4.535
1.747
4.537
1.745
1.741
4.542
1.736
1.732
1.731
4.554
1.724
4.572
1.710
4.575
1.697
4.591
1.685
4.601
1.680
1.679
4.606
1.677
4.609
1.671
4.622
4.622
1.659
1.659
4.626
1.648
4.639
4.641
4.641
4.644
1.638
1.625
4.661
4.662
4.663
4.663
4.667
1.615
1.613
4.679
1.600
1.596
4.696
4.701
1.581
4.703
4.703
4.707
1.576
1.573
1.572
4.716
4.718
4.721
1.560
1.555
1.553
4.734
4.738
4.742
4.748
1.533
1.525
1.524
4.768
1.511
1.510
4.775
4.777
4.785
4.786
1.492
4.791
1.492
4.793
1.489
4.795
4.801
1.471
1.470
1.468
4.816
4.818
1.462
1.458
1.454
4.830
4.838
1.443
1.443
1.436
4.851
4.852
1.431
1.427
1.425
1.423
4.862
4.864
1.412
1.410
1.405
4.881
1.401
4.891
1.380
1.376
1.375
4.908
1.374
1.368
4.920
1.357
4.928
4.931
4.933
4.938
4.939
4.941
1.342
1.337
1.336
4.950
4.960
4.964
4.967
4.968
1.309
1.305
1.299
4.986
4.989
1.294
1.294
4.990
1.291
4.995
1.289
4.999
4.999
5.001
5.005
5.006
1.258
5.035
1.248
5.037
5.037
1.244
1.240
1.238
5.048
5.050
1.232
1.229
5.056
5.057
5.063
1.218
1.215
5.069
5.069
1.212
1.207
5.077
5.082
5.086
1.196
1.190
5.102
1.179
1.173
5.110
1.172
1.169
1.168
5.122
1.153
5.131
5.136
5.138
1.142
1.135
5.149
1.127
5.160
1.118
1.115
1.111
5.174
5.180
5.186
5.191
1.083
5.203
1.068
1.064
1.059
5.226
1.057
1.056
1.053
1.052
1.048
5.239
5.239
1.040
5.243
1.039
1.036
5.249
5.254
1.025
1.023
5.263
1.015
5.274
0.995
5.297
0.981
0.978
0.975
0.974
5.314
0.962
0.960
5.325
0.949
0.945
0.944
0.943
0.942
5.345
5.347
0.936
5.348
5.350
5.352
5.352
5.354
5.360
0.913
5.373
0.909
5.375
0.907
5.378
5.385
5.393
5.398
0.885
0.881
0.879
5.405
5.406
5.407
0.872
5.411
0.866
0.864
0.864
0.861
5.423
0.860
0.856
0.851
5.435
0.848
5.439
5.443
5.448
5.448
0.834
5.454
5.455
0.827
5.456
5.459
0.823
5.462
5.463
5.464
5.469
5.469
0.810
0.806
0.802
0.802
5.482
5.489
5.493
0.781
0.780
5.503
5.507
0.775
5.513
5.516
5.521
5.522
0.757
0.748
5.536
0.744
0.741
0.737
0.732
5.555
0.725
0.721
5.562
5.567
0.716
0.714
5.573
5.575
5.577
5.580
5.584
5.584
0.696
5.588
5.590
5.593
0.690
0.687
5.596
5.599
5.609
5.620
5.636
0.647
5.637
0.646
0.641
0.636
0.631
0.630
0.624
5.659
0.620
5.667
5.670
0.612
0.612
0.610
0.610
0.608
0.608
5.684
5.686
5.695
0.587
5.698
5.704
5.708
0.574
0.565
5.728
5.730
5.733
0.547
0.542
5.744
5.747
0.536
0.532
5.757
0.526
0.524
0.522
0.521
5.768
5.773
0.509
0.503
0.502
0.499
0.494
0.494
5.790
0.491
0.487
0.486
0.478
5.807
5.807
5.812
5.814
0.468
0.467
5.819
5.835
5.836
0.446
0.444
0.442
0.441
0.441
5.845
5.847
0.435
0.435
5.848
5.851
0.432
0.431
5.853
0.428
5.859
5.860
0.423
0.420
5.869
0.410
5.877
5.884
0.393
0.391
0.385
0.384
0.381
5.903
0.371
0.370
0.367
5.926
5.930
5.931
0.349
5.935
0.345
0.344
0.340
0.335
0.335
5.954
5.956
5.957
5.961
0.322
5.963
5.962
5.967
5.970
0.312
5.972
0.311
0.310
5.974
5.983
5.986
5.986
0.295
5.992
5.996
0.287
0.285
0.282
6.002
6.003
6.005
6.015
0.262
0.261
6.022
0.258
6.024
0.260
6.030
0.252
0.245
0.237
6.049
0.232
0.230
6.053
6.054
0.228
6.058
0.223
0.211
0.210
0.208
6.075
0.196
6.095
6.094
6.099
6.111
6.109
0.168
0.168
6.119
6.119
6.117
0.165
0.164
0.162
0.163
0.158
0.155
0.154
0.149
0.150
0.142
6.151
6.157
0.119
6.170
0.107
0.100
6.182
0.101
6.189
6.191
0.092
6.194
0.086
6.203
0.066
6.214
6.219
0.069
6.219
6.221
6.225
6.222
0.048
0.046
6.235
0.054
6.237
6.248
6.248
0.033
0.027
0.031
6.263
0.029
0.008
6.282
6.276
0.014
6.273
6.273
6.273
0.009
6.273
0.011
