3.130
3.142
3.159
3.174
3.147
3.150
3.111
3.123
3.121
3.110
3.154
3.165
3.162
3.118
3.131
3.098
3.106
3.197
3.197
3.093
3.191
3.201
3.201
3.205
3.209
3.062
3.058
3.220
3.063
3.054
3.057
3.228
3.054
3.044
3.239
3.037
3.037
3.249
3.035
3.252
3.032
3.250
3.253
3.258
3.023
3.019
3.268
3.269
3.011
3.013
3.005
3.279
3.284
2.993
2.996
2.991
2.988
3.297
3.307
2.977
3.309
2.977
2.972
2.968
3.324
3.327
2.951
2.953
3.333
3.333
2.948
2.947
2.940
2.932
3.354
3.358
2.924
2.923
2.923
3.361
3.362
3.363
2.918
3.364
3.371
3.373
2.911
2.904
2.901
3.384
2.897
2.894
2.888
3.402
3.402
3.406
3.409
2.874
2.870
3.423
2.858
3.426
3.436
3.440
2.845
2.838
2.837
3.450
3.450
3.453
3.458
3.457
2.823
3.469
3.470
2.807
3.479
3.478
2.803
2.800
2.796
2.792
3.498
3.505
3.508
3.519
2.761
3.524
3.526
3.527
3.530
3.530
3.533
2.750
2.746
3.537
2.743
2.742
2.742
3.545
3.551
2.731
3.555
2.729
3.556
2.720
2.720
3.569
2.713
2.710
3.573
2.703
2.701
2.701
3.583
3.586
3.585
3.588
2.692
3.592
2.691
3.594
2.684
2.683
2.683
2.683
3.601
3.601
3.602
3.602
2.677
3.607
3.610
2.667
3.616
3.617
3.620
2.664
2.663
3.623
2.660
2.659
3.629
3.630
2.651
3.633
2.650
3.638
3.641
3.653
2.630
3.656
3.659
3.659
2.618
2.614
2.611
2.609
2.608
2.606
3.677
2.603
2.594
3.692
3.702
2.577
3.718
3.724
2.551
2.552
2.550
3.734
3.734
2.549
2.547
2.546
2.545
3.739
3.744
2.539
3.745
3.748
2.529
3.760
3.764
3.764
3.770
3.771
3.773
3.777
3.778
2.500
2.485
2.482
2.472
2.471
3.817
2.465
3.821
3.824
2.450
3.839
3.843
3.847
3.851
2.430
3.853
3.856
3.858
2.425
3.859
2.420
2.419
3.866
3.867
3.869
3.874
2.408
2.398
2.393
2.394
2.384
2.383
2.381
2.380
2.379
3.906
2.374
3.914
3.914
3.917
3.918
3.918
2.362
3.921
2.356
2.354
2.348
2.347
3.943
3.945
3.946
2.334
2.333
2.327
2.327
2.325
3.960
3.964
3.964
2.318
2.318
3.966
3.972
3.974
2.308
3.976
2.300
2.300
3.985
3.990
3.993
3.997
2.281
4.007
4.009
4.014
4.027
4.030
2.252
2.252
2.249
4.034
4.036
2.246
4.044
2.239
4.047
2.235
2.232
2.231
2.228
2.220
4.064
4.072
4.078
2.204
2.203
2.193
2.191
4.096
4.098
4.105
4.110
4.109
4.112
2.171
2.166
4.120
2.161
2.157
4.128
2.154
4.131
4.135
4.136
4.139
4.142
2.137
4.148
4.156
2.125
4.163
2.111
4.175
4.178
4.179
4.185
4.184
2.098
4.192
4.195
4.201
4.201
4.202
4.203
4.208
4.210
4.210
2.070
2.069
4.215
2.066
4.219
2.063
2.061
4.224
2.057
4.227
2.055
4.230
2.042
4.248
4.248
4.249
2.028
2.027
4.257
2.025
2.013
4.275
2.006
2.005
4.285
4.293
4.307
1.976
4.313
4.317
1.964
4.323
4.327
4.333
4.336
1.937
4.350
1.928
1.928
4.356
4.357
1.923
1.920
1.916
4.376
1.906
1.905
4.380
4.385
1.894
4.390
1.887
1.886
1.875
1.870
1.868
4.415
4.417
1.864
1.860
4.424
4.433
1.848
1.847
4.439
4.444
1.839
1.838
1.836
1.835
1.834
1.834
4.452
4.453
1.827
4.463
4.464
4.469
1.814
4.472
4.473
4.474
4.475
1.805
1.801
1.797
1.795
1.794
1.791
4.494
1.785
1.777
4.513
1.763
1.759
1.758
4.526
4.528
4.528
4.528
1.752
1.745
1.743
4.541
1.741
4.550
4.555
1.724
4.560
1.722
4.562
1.717
1.715
1.711
1.710
4.575
1.708
4.575
1.704
1.704
1.700
4.591
4.592
1.686
1.686
4.603
4.605
4.605
1.671
1.669
1.668
1.665
1.663
4.620
1.661
1.654
4.632
1.646
4.640
1.641
4.650
1.632
1.631
1.630
1.621
1.617
1.615
1.613
1.607
1.600
1.594
4.692
1.591
1.589
1.576
4.711
1.567
1.566
1.563
1.556
4.729
4.738
1.544
4.743
1.538
1.537
4.752
4.763
1.517
1.513
4.772
4.773
4.774
4.774
4.775
1.506
4.779
1.499
4.791
1.490
1.487
1.485
4.808
4.814
4.816
4.826
1.456
4.828
4.829
4.832
1.451
1.446
4.840
1.442
1.441
4.843
4.854
4.855
1.427
4.865
4.866
4.867
4.870
1.410
4.881
4.883
4.886
1.397
4.886
4.890
1.390
1.390
1.390
1.380
4.910
4.912
1.366
1.364
4.930
4.936
4.939
1.340
1.340
4.945
1.336
1.336
4.948
1.333
1.329
1.325
1.321
4.962
4.964
1.318
4.970
4.974
4.981
1.298
1.290
1.287
4.997
1.286
1.286
1.283
1.281
1.270
1.265
1.260
5.023
1.255
1.250
5.034
5.042
5.042
5.048
1.223
5.062
1.210
5.075
1.207
1.206
1.198
5.088
1.192
5.091
1.191
1.189
5.097
1.183
1.183
1.183
1.182
1.181
5.110
5.111
1.170
1.159
1.154
5.129
1.150
5.141
5.141
1.136
1.134
1.132
1.129
1.124
5.165
5.165
5.166
5.168
5.169
1.111
5.175
5.175
1.107
1.107
1.106
5.178
5.182
1.073
1.069
5.217
5.222
5.229
1.049
5.235
1.042
5.246
1.033
5.252
5.255
1.029
1.028
1.027
1.026
1.022
5.262
5.264
1.017
5.273
1.004
1.003
1.000
5.286
5.292
5.294
5.298
5.300
5.302
0.978
5.307
0.974
0.974
0.968
5.318
0.964
0.958
5.327
5.332
0.951
5.334
0.948
0.947
0.945
5.341
0.940
0.936
0.934
0.932
0.932
0.920
5.364
0.917
0.912
5.374
0.909
5.380
0.898
0.894
0.883
5.404
5.408
0.872
5.415
0.866
0.861
0.861
0.860
5.424
0.855
5.430
0.842
0.840
5.448
5.449
5.451
0.832
0.830
0.829
5.455
0.825
0.823
0.822
5.465
0.811
0.807
5.481
5.485
5.485
0.795
5.491
5.496
5.502
5.503
5.504
0.774
5.510
5.520
0.763
0.762
0.759
5.528
5.529
5.538
5.538
0.744
0.744
0.738
5.561
5.568
5.571
0.712
0.708
5.576
0.702
0.697
0.685
5.600
5.600
5.600
0.676
5.609
0.670
5.613
5.614
0.667
0.664
0.664
0.659
5.626
0.643
5.643
5.646
0.631
5.661
5.671
0.610
0.606
5.679
0.601
0.601
0.595
0.595
0.594
5.689
0.592
0.591
5.693
5.696
0.587
5.701
5.700
5.704
0.577
0.575
0.574
0.573
0.573
5.712
5.712
5.721
5.722
0.554
0.553
5.734
5.737
5.739
0.543
5.742
5.742
5.743
0.539
0.511
5.772
0.510
5.777
5.779
0.501
0.500
5.793
0.489
0.488
5.795
0.485
5.802
0.480
5.804
0.477
5.806
0.475
5.813
0.468
5.816
0.464
5.822
0.460
0.448
0.446
0.436
5.853
5.855
0.426
5.861
5.861
0.420
5.865
5.867
5.870
5.871
0.411
0.408
0.407
0.404
5.881
0.399
5.885
0.393
0.389
5.894
0.390
5.895
5.896
0.386
5.915
5.914
5.917
5.921
5.924
5.929
5.929
0.352
0.350
5.934
0.348
0.341
0.336
5.953
5.955
0.328
5.957
0.325
0.324
0.323
0.322
5.966
5.969
5.974
0.310
0.307
0.307
0.306
0.303
0.294
5.991
5.992
0.289
5.997
5.997
6.001
0.280
6.005
0.274
0.267
0.265
6.021
0.258
6.027
0.255
6.051
6.052
6.052
0.229
0.226
6.062
6.081
0.195
0.195
6.092
6.095
0.187
6.096
0.185
0.182
0.183
0.180
6.109
0.171
6.111
0.164
0.162
6.124
0.161
6.131
0.152
6.132
6.146
0.133
6.153
6.151
6.167
0.117
6.173
0.105
6.187
0.099
6.191
6.191
0.092
0.091
6.193
6.199
6.196
6.205
0.077
0.062
0.063
6.225
0.056
6.238
6.237
6.238
6.244
0.029
0.024
6.265
0.020
6.257
6.255
0.016
0.004
