3.131
3.132
3.148
3.140
3.164
3.164
3.129
3.128
3.154
3.167
3.176
3.174
3.109
3.101
3.099
3.189
3.091
3.191
3.084
3.197
3.202
3.084
3.203
3.201
3.075
3.076
3.211
3.070
3.212
3.068
3.059
3.057
3.223
3.226
3.229
3.055
3.227
3.230
3.046
3.244
3.253
3.026
3.266
3.265
3.018
3.016
3.270
3.012
3.010
3.006
3.276
3.290
3.289
2.990
2.988
3.297
2.983
2.973
2.974
3.324
2.956
2.956
3.335
2.947
2.944
2.943
3.346
2.928
2.926
3.359
2.922
2.915
2.910
3.374
3.386
2.890
2.886
2.885
2.882
3.403
2.879
2.873
2.871
3.414
2.867
2.864
3.420
3.421
3.421
2.860
2.860
3.424
2.853
3.432
2.850
3.433
2.850
3.436
2.841
3.442
3.458
2.821
2.818
2.810
3.475
3.476
3.480
2.800
2.796
3.489
3.490
3.496
2.787
3.497
2.785
3.498
2.785
3.502
2.781
2.775
2.773
3.511
3.512
3.519
2.762
3.524
3.526
3.530
3.537
2.739
2.738
2.736
2.736
3.560
2.706
2.700
3.588
2.692
3.597
3.602
3.603
3.612
2.670
2.670
3.614
2.665
2.663
3.621
3.627
3.628
2.654
2.650
3.634
2.645
3.640
3.640
2.633
3.661
3.660
3.663
2.616
3.673
2.604
2.603
3.686
2.596
3.693
3.694
3.693
2.586
2.585
3.718
3.720
2.562
2.561
2.555
3.744
2.536
3.748
2.534
2.531
2.527
3.758
2.522
2.521
3.767
2.514
3.770
2.506
2.504
3.781
2.500
2.496
2.493
3.795
3.795
3.796
3.800
3.800
3.801
3.810
2.471
3.813
2.466
3.818
3.826
2.454
2.453
2.446
2.439
3.847
2.435
2.433
2.432
2.431
2.419
3.867
2.404
2.403
3.883
3.885
2.396
2.396
2.395
2.394
3.893
2.389
2.384
2.372
3.912
3.913
3.914
3.923
3.935
3.936
2.347
3.939
2.343
3.945
3.946
3.946
2.337
2.332
2.328
3.958
3.965
2.315
2.314
3.970
3.970
3.972
3.973
3.974
2.302
3.984
2.297
2.295
3.993
3.995
2.279
4.011
2.270
4.015
4.016
2.267
4.016
4.016
2.266
2.264
4.020
4.022
2.255
4.030
4.037
4.044
4.045
4.046
4.048
4.049
2.230
2.228
4.056
2.226
4.061
4.073
4.076
2.200
4.084
2.199
2.196
2.194
4.092
4.100
4.113
4.113
4.115
4.117
4.119
4.121
4.122
4.227
4.123
4.123
2.155
2.050
2.049
4.132
4.236
2.151
4.134
2.142
4.245
2.140
4.145
4.146
4.148
2.031
2.134
2.027
4.257
2.024
4.157
4.160
4.265
2.117
2.013
4.170
4.273
2.109
2.007
2.007
4.281
4.182
2.099
4.288
4.189
4.819
1.458
4.201
4.301
4.202
4.419
2.079
1.863
1.980
1.862
4.421
1.978
1.453
2.073
4.426
4.210
1.856
1.973
2.070
1.854
1.446
4.431
4.838
4.219
4.316
4.434
4.840
4.588
1.443
4.435
4.435
4.591
1.439
1.439
4.440
4.327
1.435
1.435
4.444
1.686
4.445
4.599
4.850
4.447
1.951
1.950
4.450
1.948
4.854
1.832
4.606
1.828
1.676
4.456
1.675
4.342
1.824
1.672
1.823
4.345
4.345
1.822
4.347
4.462
1.936
1.420
4.863
4.615
4.464
1.419
4.865
1.819
1.818
1.817
1.816
1.816
4.868
4.619
1.659
1.411
1.411
4.873
1.920
1.656
4.627
1.654
1.406
4.367
1.405
1.652
1.801
1.404
4.370
4.484
1.401
4.883
4.883
1.648
1.647
4.376
1.396
1.643
4.379
4.382
4.382
4.644
1.392
1.392
4.385
4.894
1.389
1.635
1.780
1.780
4.505
1.777
1.776
1.628
1.886
1.381
1.885
4.509
1.882
1.623
1.770
4.516
4.908
1.767
1.877
1.619
4.664
1.876
1.373
1.872
1.370
1.615
4.669
1.867
4.917
1.867
1.365
4.674
4.528
1.363
4.531
1.604
1.360
1.603
4.685
1.354
4.687
4.687
4.687
4.688
1.734
1.733
1.344
1.587
1.587
1.586
1.340
1.726
4.703
1.337
4.704
1.579
1.336
4.561
4.563
1.719
4.951
1.331
4.567
1.330
4.955
4.715
4.715
4.959
4.575
4.576
1.322
4.967
4.585
4.728
4.729
4.973
1.308
1.546
1.546
1.544
1.542
1.542
4.983
4.743
1.538
4.987
1.296
4.992
4.752
1.528
4.996
4.998
1.524
4.763
5.003
1.519
5.004
1.517
5.009
1.510
5.013
4.776
5.014
5.015
5.017
1.265
4.782
5.023
1.259
1.259
1.255
1.491
1.489
5.033
1.487
4.796
1.485
5.036
4.802
4.806
1.240
5.045
5.045
1.236
1.473
1.471
5.051
1.468
1.229
5.060
1.221
1.221
1.217
1.216
1.214
5.077
1.202
5.085
1.191
5.096
1.185
5.101
1.182
5.106
5.108
1.165
1.157
5.128
1.149
1.147
5.138
5.139
5.144
1.135
1.133
1.132
5.155
1.119
5.164
1.110
5.177
1.105
5.181
1.101
5.183
5.184
5.186
1.091
5.196
1.082
5.202
5.205
1.073
5.219
5.221
5.229
1.052
5.234
5.238
5.241
5.245
5.246
1.037
1.034
5.251
5.252
5.255
5.258
5.261
1.020
5.263
1.017
5.268
5.272
1.011
5.276
1.004
5.283
5.287
0.991
0.989
0.988
0.988
0.987
0.984
5.300
0.981
0.976
0.974
0.973
0.972
5.314
5.314
5.322
0.956
5.330
0.952
5.332
5.332
5.336
0.947
5.338
0.945
0.944
0.942
0.942
0.941
5.346
0.935
0.935
0.932
0.925
0.924
0.919
0.918
0.917
5.368
5.369
5.371
0.912
5.371
5.372
5.377
5.377
0.902
5.384
5.389
0.894
5.391
0.891
5.393
0.889
5.396
5.397
0.885
0.882
0.879
5.415
0.867
5.421
0.862
5.422
0.856
0.856
5.432
5.434
5.444
0.838
0.838
0.833
5.451
0.829
5.454
5.456
5.459
5.462
0.818
5.472
5.480
0.801
5.483
5.487
5.487
5.491
5.494
0.788
0.787
0.782
0.782
0.772
0.762
0.754
0.751
5.536
0.745
5.545
0.736
5.552
0.730
5.554
5.557
5.557
5.558
5.558
5.561
5.562
5.563
0.717
0.717
5.567
0.713
0.712
5.581
5.583
5.583
5.584
5.585
5.586
0.696
0.692
0.687
5.596
0.686
5.598
5.602
5.603
0.678
0.677
5.612
5.621
0.662
5.623
5.627
0.656
0.653
0.652
5.634
0.648
5.636
0.646
0.633
0.623
0.621
5.664
5.666
0.615
0.615
5.669
5.670
0.613
5.671
0.609
0.608
5.677
5.677
0.606
0.601
0.600
5.684
0.598
0.581
0.574
5.710
0.573
5.710
5.713
5.714
5.723
0.559
5.729
5.740
5.740
5.742
5.743
0.540
0.531
5.755
0.525
5.759
0.523
0.512
0.510
5.774
5.784
5.785
0.496
5.792
0.490
0.489
0.486
5.799
0.482
5.804
0.478
5.806
0.477
5.808
5.810
5.811
5.812
0.470
0.465
5.821
0.461
5.825
5.832
0.451
0.444
5.847
0.436
5.850
5.850
5.859
5.861
5.871
0.412
0.411
5.873
5.877
5.884
5.895
0.388
5.909
5.910
0.364
0.360
5.925
5.925
0.356
0.353
0.340
5.949
0.334
5.954
0.324
5.960
0.324
5.960
5.964
5.969
0.308
5.977
0.305
0.304
0.304
0.301
5.983
0.300
5.984
5.990
0.293
0.289
6.000
0.280
6.008
6.011
6.013
0.267
0.263
6.025
0.258
6.030
0.252
6.033
0.247
6.037
6.042
6.043
6.043
6.047
6.047
6.049
6.050
0.232
0.229
6.055
0.229
0.227
0.225
0.224
6.060
0.223
6.062
0.219
6.066
0.215
0.213
0.213
0.208
0.205
6.088
0.193
6.095
6.105
0.178
0.169
0.154
0.151
6.138
0.144
6.144
6.147
6.149
0.132
6.153
0.128
6.155
6.156
6.155
0.127
0.118
6.168
0.115
0.113
6.178
0.106
6.180
6.181
6.180
6.184
6.184
0.097
0.095
0.092
0.090
0.090
0.090
6.201
0.082
0.079
0.073
0.071
6.218
0.062
0.056
0.049
0.045
0.043
0.042
6.240
6.244
0.034
6.252
6.252
6.255
0.028
6.258
0.025
6.263
6.269
6.270
6.268
6.275
6.282
