3.153
3.125
3.161
3.127
3.147
3.133
3.151
3.161
3.151
3.156
3.159
3.132
3.136
3.104
3.170
3.105
3.168
3.172
3.112
3.115
3.118
3.176
3.105
3.181
3.175
3.107
3.185
3.192
3.196
3.188
3.189
3.209
3.201
3.205
3.210
3.071
3.067
3.214
3.064
3.226
3.228
3.060
3.056
3.062
3.062
3.230
3.054
3.055
3.047
3.230
3.052
3.049
3.049
3.042
3.045
3.042
3.238
3.238
3.037
3.249
3.031
3.029
3.251
3.031
3.017
3.017
3.019
3.010
3.010
3.000
3.282
2.984
3.316
2.953
3.330
2.954
2.947
2.945
2.945
3.341
2.942
3.344
2.940
3.345
3.351
3.355
2.921
2.919
3.371
3.371
3.372
3.376
2.910
2.896
2.898
3.388
3.389
2.885
2.884
3.401
2.878
2.876
3.409
2.873
2.869
3.415
3.417
3.417
2.867
3.420
2.865
3.423
2.850
2.843
3.439
3.445
3.448
2.831
3.451
2.833
2.830
3.454
2.820
2.817
2.811
3.475
3.481
3.483
2.800
3.485
3.484
2.795
2.793
2.788
3.494
2.782
2.774
2.760
3.529
2.753
3.532
2.749
2.742
2.738
3.545
3.555
2.724
3.566
2.714
3.572
3.585
2.695
2.690
3.596
2.686
2.683
2.682
3.606
3.608
3.610
2.669
2.666
3.619
3.623
3.626
3.633
2.651
2.644
2.638
3.646
3.669
2.609
3.677
3.676
2.603
2.595
3.690
2.592
2.585
2.582
2.583
2.581
3.704
2.579
3.705
3.707
2.568
3.716
3.716
2.565
3.722
3.726
2.551
2.545
2.545
3.739
3.741
3.741
3.741
2.543
2.540
3.744
2.532
3.753
2.509
3.781
3.783
3.784
3.792
3.795
3.796
3.798
2.482
3.804
3.804
2.478
3.810
2.472
2.471
3.813
3.814
3.814
2.465
2.451
2.450
2.448
3.836
3.837
2.446
2.445
2.442
2.441
3.843
3.844
2.434
3.855
3.858
2.423
2.419
3.869
3.873
2.398
2.398
2.395
3.891
2.392
2.392
3.897
3.899
3.901
2.376
3.908
3.912
3.916
3.917
3.922
3.924
3.927
2.355
2.349
2.341
3.946
3.957
2.324
3.960
3.962
2.319
3.965
3.976
2.306
2.306
2.304
2.302
2.300
3.987
2.296
2.295
2.292
3.997
3.998
2.283
2.281
2.280
2.277
4.006
4.010
2.272
4.014
4.021
2.261
2.260
2.257
4.029
4.030
2.246
2.247
4.037
4.047
2.237
4.047
2.233
4.051
2.233
2.229
2.222
4.063
4.063
2.220
4.064
2.215
4.075
2.204
2.203
2.202
2.202
4.082
2.200
2.199
2.198
4.092
4.091
4.093
2.185
2.181
2.177
4.112
2.167
4.121
2.161
4.134
2.149
2.149
4.139
2.143
2.142
2.138
2.138
2.136
2.135
4.148
4.149
2.133
4.150
2.132
4.152
4.157
2.112
4.171
4.173
2.102
4.183
4.183
4.183
4.187
4.194
4.199
2.074
4.212
2.071
2.070
2.067
2.066
2.060
4.226
2.054
2.054
2.042
2.038
4.246
4.250
4.259
2.020
2.017
4.267
2.005
4.281
1.998
4.287
1.990
4.304
1.973
1.973
4.317
4.318
1.964
1.962
4.324
4.328
1.950
4.334
4.343
4.345
4.347
1.931
1.925
1.925
1.923
4.363
1.920
1.919
1.918
1.915
4.373
4.377
4.378
1.893
4.394
4.394
4.397
4.402
1.880
4.409
1.874
4.411
1.856
4.429
4.438
1.837
1.835
4.450
4.453
4.456
4.463
4.469
4.470
1.809
4.479
1.802
4.491
1.789
1.781
4.504
1.774
1.771
4.513
4.515
1.764
4.526
4.526
1.756
4.528
1.755
1.748
4.539
4.544
1.739
4.555
4.558
4.558
1.725
1.722
4.566
4.571
4.574
4.576
1.705
1.704
4.582
1.700
4.590
4.593
4.601
1.681
1.679
4.607
1.676
4.609
4.609
1.674
1.673
1.673
4.610
1.671
4.614
1.668
4.618
4.619
1.657
1.653
4.634
1.647
4.638
1.631
1.617
1.617
4.674
1.609
1.609
1.607
1.606
4.679
4.680
1.600
4.685
4.685
1.589
4.698
1.579
4.706
1.576
4.707
4.710
1.573
4.717
4.721
4.721
1.561
4.728
1.547
4.738
4.743
4.746
4.748
1.530
4.758
4.759
1.520
1.520
4.767
1.511
1.509
4.777
1.505
1.500
1.499
1.495
1.490
4.796
1.487
1.486
1.485
1.485
1.483
4.805
4.806
1.473
4.812
1.468
1.461
4.828
1.455
4.830
4.833
1.450
1.447
1.439
1.431
4.858
4.864
1.419
4.868
4.868
4.870
4.870
1.407
4.877
4.883
1.396
4.891
4.891
1.393
4.892
1.390
4.901
4.904
4.906
1.370
4.913
4.914
1.367
4.919
1.363
1.360
1.357
4.933
1.347
1.343
4.941
4.945
4.946
1.336
4.949
4.951
4.955
4.959
1.323
1.315
4.969
4.972
1.310
4.974
1.308
4.979
4.985
1.296
4.999
5.000
1.283
1.283
5.009
5.010
5.013
5.016
1.264
1.263
5.021
5.025
1.257
5.035
5.035
5.040
5.041
1.242
5.044
5.047
5.049
5.051
5.057
5.058
1.224
5.062
5.066
1.215
5.068
5.070
1.210
5.076
5.077
1.197
1.197
5.093
1.183
1.181
5.107
1.173
1.173
1.168
5.116
5.119
5.126
1.157
1.157
5.128
5.130
1.152
1.147
1.142
1.141
5.145
5.155
5.158
1.121
1.106
1.103
5.185
1.099
1.098
1.096
5.189
1.091
1.081
5.203
5.208
1.075
5.216
5.217
5.220
5.221
1.059
1.055
1.053
1.052
5.238
1.045
5.240
1.041
5.242
1.033
5.252
5.262
1.014
1.013
1.012
1.009
1.003
5.287
0.993
5.296
0.986
0.982
5.303
0.978
0.977
0.977
5.309
5.314
0.966
5.321
0.960
0.960
0.956
5.332
5.332
5.334
5.335
5.335
5.335
0.946
0.944
0.938
0.933
5.357
5.359
5.360
0.918
5.368
0.915
0.912
5.377
0.904
0.898
5.387
0.895
0.894
0.892
5.394
0.886
0.885
0.883
0.878
5.406
5.408
0.873
0.870
5.414
5.418
5.420
0.861
0.860
5.427
0.856
0.855
5.428
0.848
0.840
0.839
0.836
0.833
0.830
5.453
0.827
0.823
0.823
0.819
0.816
5.468
0.812
5.472
0.802
0.800
0.800
0.799
5.488
0.793
5.495
5.496
5.499
0.777
0.777
5.508
0.775
5.509
5.510
0.762
0.761
5.525
5.527
5.531
0.749
0.748
5.540
5.541
5.545
5.552
0.725
5.561
0.721
5.562
0.720
5.564
5.571
5.576
0.706
0.703
0.702
5.581
5.585
5.586
0.697
0.692
5.607
5.607
0.670
0.662
0.659
5.633
5.636
5.637
0.645
0.643
5.650
5.650
0.629
0.627
0.626
5.658
0.622
5.662
5.666
5.668
0.613
0.613
5.674
0.607
0.598
0.594
0.590
5.698
0.585
0.580
5.716
5.716
0.564
5.731
0.552
0.547
0.547
5.739
5.739
5.741
5.747
5.748
5.749
5.752
5.758
0.523
5.760
5.762
5.765
0.516
5.773
0.507
0.507
5.787
0.495
0.492
0.490
0.482
0.478
5.805
5.811
5.813
0.464
5.824
5.828
5.849
0.433
5.854
0.428
0.425
0.418
0.418
5.869
0.401
5.890
0.392
5.897
0.385
0.385
0.383
0.380
5.905
0.377
0.376
5.912
0.354
0.354
5.933
0.349
0.349
5.936
5.941
0.320
5.967
5.969
5.972
0.311
0.307
5.977
0.303
5.982
5.986
0.293
0.287
0.285
0.280
0.280
6.007
0.267
6.018
0.265
0.266
0.261
6.024
0.255
6.034
0.249
0.250
6.033
0.246
6.038
6.040
6.043
6.049
6.064
6.068
6.075
6.082
0.201
0.199
6.087
0.193
0.193
6.099
0.177
6.104
0.171
0.161
0.155
6.133
6.138
0.145
0.139
0.134
6.146
0.136
6.150
6.150
6.155
6.154
0.130
6.158
0.114
6.167
6.167
6.168
0.118
6.170
6.166
0.115
6.172
6.175
0.103
6.185
0.096
0.094
6.188
0.094
6.186
0.090
6.196
0.077
0.071
0.069
0.062
6.221
0.067
0.053
6.227
6.227
0.057
6.230
0.049
6.232
0.043
6.233
0.043
6.238
6.253
0.030
0.037
0.041
0.030
6.256
0.024
6.270
0.015
6.270
0.005
0.014
