3.141
3.142
3.145
3.139
3.153
3.163
3.126
3.161
3.131
3.122
3.169
3.112
3.173
3.099
3.185
3.098
3.093
3.088
3.089
3.087
3.197
3.082
3.203
3.080
3.203
3.078
3.079
3.078
3.070
3.069
3.215
3.061
3.059
3.055
3.227
3.231
3.230
3.231
3.046
3.044
3.041
3.248
3.250
3.252
3.032
3.255
3.027
3.257
3.023
3.019
3.265
3.274
3.274
3.002
3.001
3.282
3.290
2.993
3.294
3.299
2.985
2.983
2.982
3.303
2.974
3.313
2.967
2.968
3.316
2.966
3.319
2.959
3.341
3.341
3.348
3.362
2.919
3.365
2.916
2.916
2.915
3.372
2.907
3.376
3.383
3.387
2.895
2.895
2.889
3.394
2.881
3.408
3.411
2.857
2.855
2.853
3.434
3.439
2.843
3.440
3.447
3.455
3.457
3.457
3.458
2.821
2.820
3.464
3.465
3.466
3.470
2.808
2.808
2.797
3.492
2.789
2.781
3.503
2.779
2.771
3.516
3.517
2.766
2.765
2.756
2.754
2.749
3.538
3.547
2.736
2.735
2.733
2.732
3.554
2.728
3.558
2.718
2.718
3.568
2.715
2.714
3.571
2.712
2.711
3.572
3.573
3.574
3.574
2.706
3.579
3.579
2.701
2.699
2.699
2.694
3.589
3.600
2.678
2.669
3.618
3.621
3.625
2.649
3.639
2.642
3.641
2.638
3.648
2.623
3.662
2.621
3.664
2.617
3.670
2.605
3.684
3.692
2.591
3.693
3.694
3.699
3.702
2.580
2.577
3.708
3.708
3.709
2.573
3.719
3.719
3.720
3.721
3.733
2.550
3.734
2.549
3.735
2.545
2.540
3.747
3.750
3.750
2.533
2.532
2.528
2.525
2.525
3.759
2.524
3.759
3.762
3.764
2.518
3.768
2.514
2.510
3.785
2.497
2.497
3.790
2.488
2.487
3.798
2.485
3.803
3.804
3.811
2.472
2.469
2.468
3.823
2.460
2.455
3.828
3.832
3.832
3.839
3.845
3.845
3.846
2.417
2.407
2.402
2.395
3.893
3.904
3.911
2.371
2.370
2.370
2.369
3.915
3.916
3.916
3.921
3.933
2.350
2.348
3.938
2.339
3.947
3.947
2.334
3.952
3.953
2.330
2.327
2.320
2.316
2.316
2.313
2.311
3.974
2.308
3.978
3.979
3.982
2.299
3.986
2.298
3.990
2.292
3.992
4.006
4.008
4.008
2.274
2.272
4.012
2.267
2.263
4.023
2.261
2.259
4.038
4.038
2.243
2.242
2.239
2.231
4.053
4.057
2.226
4.062
4.062
4.063
2.213
2.204
2.203
2.200
2.193
2.192
4.093
4.097
2.181
4.104
4.110
4.110
4.111
4.112
2.167
2.166
4.120
4.122
2.160
2.160
4.124
2.156
4.137
4.139
2.138
2.131
4.153
2.130
4.158
4.162
4.162
4.173
4.176
2.107
4.179
2.102
2.101
2.098
4.191
2.093
4.196
2.086
4.198
2.076
4.215
4.216
2.066
2.065
2.063
4.221
2.061
4.231
4.231
4.232
2.050
4.234
2.049
4.236
4.236
4.238
2.044
4.240
4.250
4.251
2.031
4.258
4.261
4.261
2.018
4.270
2.011
2.002
1.998
4.287
4.302
4.305
1.978
1.972
4.320
4.320
4.321
4.326
1.957
4.330
4.340
4.340
1.942
4.342
1.939
4.344
1.934
4.350
4.352
1.931
1.928
1.925
4.363
4.366
1.913
1.913
4.372
1.909
1.899
4.385
1.897
4.390
1.892
1.887
4.397
1.881
4.417
1.864
1.863
1.858
1.855
4.430
1.850
1.849
4.444
4.447
1.836
4.448
4.448
1.833
1.828
4.461
4.466
1.814
1.811
4.474
1.805
4.487
4.488
1.789
1.787
4.502
1.770
1.762
4.523
1.755
4.532
1.751
4.536
1.746
1.744
1.741
4.545
1.732
4.552
4.554
1.725
4.560
4.568
4.570
4.576
4.577
4.581
1.692
1.691
1.688
1.687
1.685
1.681
4.604
1.679
1.676
1.675
1.674
1.670
4.615
1.663
4.623
1.660
4.625
4.629
4.629
1.646
1.642
1.633
4.658
1.621
4.665
4.666
1.614
4.682
1.597
4.688
4.695
1.587
1.586
4.700
4.701
4.702
4.703
4.707
4.707
1.574
4.715
4.717
4.717
4.719
4.721
4.722
1.559
4.728
4.729
4.737
1.544
1.543
1.535
4.752
4.756
1.526
1.522
4.763
1.518
4.765
4.765
4.767
4.778
1.503
4.781
1.499
4.786
4.787
1.496
4.788
4.793
1.487
4.798
4.800
1.483
4.801
1.477
4.806
1.474
4.810
1.471
1.469
1.465
4.820
4.820
4.821
1.456
1.455
1.449
4.837
1.440
1.436
4.853
1.424
1.424
1.419
1.418
4.865
1.418
4.866
4.872
1.410
1.407
1.406
4.878
4.882
1.399
4.884
1.399
4.888
4.903
4.904
4.905
4.906
4.907
1.372
4.914
1.366
4.920
4.924
4.925
4.927
1.352
1.348
4.940
4.944
4.950
4.952
4.955
1.328
4.964
1.316
1.313
4.978
4.980
4.980
1.299
1.298
1.295
4.992
1.291
1.285
1.284
1.281
5.006
5.008
5.013
5.025
1.256
1.255
1.249
5.036
5.039
5.039
1.240
5.054
5.057
5.060
5.061
5.062
5.069
1.213
1.212
1.212
5.075
5.077
5.079
5.080
1.202
5.082
5.088
1.195
5.089
5.090
5.091
5.095
1.188
1.183
5.102
5.107
1.169
1.164
1.161
1.160
1.158
5.126
1.153
5.132
1.146
1.142
5.142
5.145
5.165
5.168
5.168
5.171
5.171
1.111
1.109
1.107
1.106
1.106
1.104
5.184
5.184
1.098
5.195
1.086
5.200
1.079
1.078
5.212
5.214
5.224
1.055
1.054
1.052
5.231
1.050
1.047
1.045
1.039
1.031
5.253
5.256
5.259
5.263
5.263
1.020
1.019
5.264
1.004
1.002
0.997
0.991
0.989
5.302
0.980
0.977
0.973
5.320
5.321
0.955
5.336
0.943
5.346
0.925
5.358
0.925
5.361
0.919
5.371
5.371
5.380
0.901
0.893
0.893
0.884
5.401
0.881
5.406
0.877
0.871
0.868
0.858
0.857
5.426
0.853
0.852
5.432
0.846
0.844
5.442
0.837
5.451
0.831
0.830
0.828
0.826
0.821
5.464
0.819
0.816
5.469
0.813
0.805
5.483
0.798
5.488
0.792
5.499
0.783
0.781
5.504
0.779
0.776
0.775
5.515
5.516
0.765
5.530
5.537
5.538
5.541
5.549
5.561
0.722
0.717
0.707
5.583
0.700
5.589
5.593
5.595
5.595
5.597
5.608
5.613
5.618
5.619
0.664
0.657
5.627
5.628
0.653
5.638
5.643
5.644
5.644
0.634
0.634
0.621
0.614
5.677
5.679
5.680
0.599
5.691
5.698
0.585
0.581
0.574
0.570
5.715
5.715
0.566
0.541
0.538
0.533
0.531
0.528
5.757
5.761
5.765
5.767
5.770
5.771
0.508
5.780
5.782
5.784
5.790
5.790
0.492
0.490
5.793
0.489
0.487
0.484
0.480
0.478
0.476
0.468
0.467
5.818
5.821
5.824
5.824
5.825
5.826
5.832
0.447
5.838
5.847
0.434
5.849
5.856
5.857
5.860
5.874
0.407
5.879
0.403
0.402
5.884
0.396
5.888
0.392
0.390
0.387
0.384
0.369
5.916
0.365
0.364
5.926
0.356
5.929
5.929
0.349
0.348
0.339
5.947
0.335
5.950
5.950
5.951
0.329
5.956
5.959
0.321
5.966
0.316
5.971
5.974
5.977
0.303
5.984
5.985
5.987
5.987
5.990
5.995
0.287
0.281
0.280
6.009
0.273
0.270
0.263
6.026
0.254
6.031
6.032
0.246
0.238
0.235
6.060
6.060
0.222
0.222
0.220
0.217
0.214
0.211
0.209
6.077
6.082
0.201
6.084
0.198
0.196
6.088
6.094
6.094
0.187
6.099
6.100
6.102
6.105
0.178
0.171
0.166
0.165
6.124
0.160
0.157
0.155
0.155
0.153
0.151
0.150
0.149
0.148
0.146
6.137
0.144
6.139
6.145
6.148
0.133
6.153
0.128
6.157
0.126
0.121
0.115
0.112
0.110
6.181
6.188
6.188
6.190
0.089
0.077
6.209
0.066
6.221
6.223
6.224
0.058
0.057
0.054
6.229
6.232
0.051
0.049
6.233
0.050
0.048
0.041
6.243
6.244
0.034
0.035
0.032
0.032
6.254
0.019
6.265
6.269
6.268
6.270
0.005
6.279
6.272
0.007
