3.151
3.158
3.156
3.157
3.126
3.109
3.113
3.104
3.176
3.185
3.188
3.098
3.087
3.206
3.073
3.211
3.220
3.218
3.225
3.059
3.056
3.225
3.051
3.050
3.052
3.044
3.036
3.032
3.032
3.263
3.263
3.020
3.018
3.265
3.016
3.270
3.271
3.271
3.272
3.008
3.001
3.290
3.292
3.299
3.310
2.969
2.964
2.963
3.328
3.329
2.952
2.931
2.923
2.917
2.914
2.910
2.909
3.387
2.895
3.389
2.893
2.876
2.875
2.873
3.413
3.414
2.867
2.863
2.857
3.428
3.430
2.853
2.851
2.842
3.445
3.450
3.450
2.833
3.452
2.822
2.821
3.462
3.465
2.816
3.467
3.468
2.813
3.474
3.474
2.807
2.807
3.476
3.477
2.803
2.800
3.485
3.486
2.788
2.787
2.777
2.776
3.518
2.765
2.765
3.519
3.522
2.760
2.749
3.536
2.739
2.739
3.552
3.553
3.557
3.560
2.719
2.712
2.702
3.589
2.695
3.590
3.593
2.689
2.689
3.598
2.685
3.600
3.601
3.601
3.603
2.679
2.678
3.607
2.674
3.610
2.661
2.657
2.655
2.652
2.651
2.651
2.650
2.648
3.648
3.650
3.655
3.662
2.618
3.668
3.670
2.608
2.608
3.682
3.682
3.687
2.593
3.690
2.587
2.581
3.719
2.561
2.562
3.725
3.726
3.731
2.548
2.546
3.741
2.538
3.752
3.759
2.523
2.521
3.770
3.771
3.772
3.778
2.505
2.502
3.781
3.781
2.502
3.783
3.782
2.500
2.499
2.499
2.498
2.497
2.496
3.791
2.492
2.488
3.795
3.797
3.797
2.483
2.482
3.810
2.471
3.812
3.813
2.470
3.814
2.466
3.823
3.825
3.826
2.457
2.457
2.456
3.831
2.443
2.443
2.442
3.842
3.842
2.439
3.850
2.433
3.851
2.432
3.852
2.431
3.853
3.855
2.426
2.424
2.422
2.421
2.418
3.867
2.409
3.875
2.407
2.400
3.885
2.398
3.891
3.894
2.379
3.906
3.907
2.375
3.918
3.920
3.925
3.926
3.927
3.932
3.933
2.343
2.341
3.945
3.951
2.331
2.330
2.325
3.959
2.324
2.320
3.964
2.311
2.311
3.979
2.302
2.302
2.300
3.997
2.285
4.006
4.007
4.012
4.013
4.019
4.024
2.254
4.030
2.251
2.251
2.250
4.034
2.248
4.037
4.038
2.242
4.048
4.052
2.231
2.230
2.230
2.227
2.227
4.059
4.060
4.064
4.068
2.214
2.213
4.075
4.075
2.207
4.077
2.206
2.204
4.080
4.084
4.094
4.101
4.113
2.170
4.113
2.163
4.122
2.156
4.129
4.135
2.148
4.136
2.144
4.144
4.152
4.157
4.160
4.164
2.114
4.171
2.111
2.110
2.105
4.179
4.182
4.182
2.100
4.190
4.191
4.192
2.091
2.089
4.195
2.084
2.078
4.205
4.209
4.216
4.219
2.061
4.225
2.058
2.056
4.230
2.052
2.052
4.233
4.240
4.242
2.040
4.243
4.245
2.038
2.029
2.029
2.021
4.263
2.016
2.010
2.006
4.278
4.278
4.283
2.000
4.284
4.284
1.998
4.291
1.990
1.984
1.983
4.301
4.302
4.306
4.308
4.308
1.974
1.973
4.315
4.319
1.963
4.322
1.955
4.331
4.336
1.945
1.941
4.344
1.939
4.357
1.926
4.360
4.369
4.370
4.372
4.372
4.380
4.383
1.900
4.383
4.383
1.882
1.882
4.404
1.879
4.405
4.405
1.868
1.865
4.425
4.427
4.428
1.847
4.438
4.439
4.441
4.447
4.450
1.830
4.456
1.827
4.457
1.826
1.820
4.465
4.468
1.813
1.806
4.486
1.796
1.791
1.786
4.507
4.508
1.776
4.509
1.774
4.509
1.773
1.768
1.768
4.519
1.764
4.528
1.754
4.530
4.531
4.533
1.745
1.740
1.740
4.544
4.546
1.734
1.728
4.559
4.559
4.562
4.570
1.710
4.574
1.708
4.575
1.702
1.702
1.701
4.589
1.693
4.592
4.592
1.689
1.682
1.680
4.613
1.667
1.666
1.664
4.620
4.622
1.660
4.624
4.627
1.647
4.641
4.645
1.634
4.652
1.627
1.621
4.665
4.667
1.606
4.683
4.686
1.593
1.591
4.693
4.699
4.699
1.584
4.700
4.702
4.711
4.714
4.726
1.552
1.551
1.549
1.545
4.743
1.536
4.748
1.528
4.757
1.523
1.515
1.511
4.775
1.506
1.500
4.784
1.499
4.785
1.498
4.786
4.803
4.807
1.475
4.821
4.828
4.838
4.841
4.845
1.437
1.436
4.848
4.848
4.850
1.431
4.852
1.426
1.420
1.419
4.870
4.879
1.403
4.887
1.395
4.888
1.390
1.390
1.383
1.382
1.374
1.371
4.914
4.920
1.363
4.921
1.361
4.924
4.925
4.932
1.341
4.943
1.340
4.944
4.947
4.947
4.947
4.948
4.948
4.948
1.332
4.960
1.322
4.963
1.320
4.969
4.972
4.973
1.308
4.977
1.306
4.983
4.983
1.295
1.293
4.994
1.285
5.001
1.281
1.280
5.006
1.275
5.009
5.011
1.271
1.262
1.261
1.260
5.026
1.254
5.030
5.031
1.248
5.035
1.240
5.044
5.048
1.232
5.052
1.226
1.223
5.065
5.068
1.214
5.070
5.070
1.212
5.071
1.211
5.086
5.087
1.192
1.185
5.102
5.105
5.109
1.174
1.173
5.118
5.119
5.120
1.150
5.137
1.134
5.150
1.125
1.125
1.117
1.117
5.167
5.172
1.111
5.174
5.176
5.177
5.177
5.177
5.182
5.189
1.093
5.201
1.081
5.204
1.079
1.077
1.076
1.076
5.212
5.213
1.069
5.219
5.219
5.222
1.056
5.231
1.048
1.048
5.236
5.237
1.047
5.243
1.035
5.249
5.251
5.254
1.029
1.024
5.260
5.264
1.019
5.268
0.999
5.285
0.987
5.298
5.305
5.307
5.310
0.971
0.966
0.962
0.955
5.331
0.950
0.950
0.947
5.349
0.927
0.927
0.924
0.907
0.907
0.903
5.381
0.895
5.395
0.887
0.886
0.884
0.879
0.879
5.405
0.876
0.874
0.873
0.871
0.866
5.417
5.418
0.858
5.433
0.847
5.436
0.845
5.441
0.842
0.837
0.834
0.832
0.830
5.460
5.461
5.463
5.465
0.818
5.477
5.480
0.792
5.495
5.495
0.785
5.500
0.779
5.519
0.764
5.525
0.759
0.757
0.757
0.757
5.528
0.753
0.753
5.531
0.749
0.747
5.539
0.742
0.740
0.739
0.738
5.551
0.730
5.554
0.723
5.561
5.564
5.570
0.713
5.578
5.583
5.584
0.699
5.587
5.591
0.689
0.679
0.667
0.663
5.628
0.654
0.651
0.651
5.633
0.650
0.646
0.637
0.636
0.632
5.652
5.656
0.624
0.623
0.621
5.665
0.618
5.667
5.670
0.611
5.672
5.676
0.601
0.597
0.598
5.686
5.692
0.588
0.581
0.576
0.574
0.569
0.569
5.716
5.723
5.723
5.724
5.729
5.734
5.737
0.544
0.542
0.541
0.541
0.540
0.536
5.753
0.523
0.521
5.764
5.764
5.770
0.511
5.773
0.507
5.778
5.781
5.791
0.491
0.487
5.796
0.483
5.807
0.475
5.810
5.815
0.466
0.464
5.820
5.822
5.823
0.449
5.835
0.447
0.446
5.842
0.440
0.440
5.844
0.434
0.430
0.429
5.859
0.418
0.417
5.868
5.871
5.871
5.876
0.406
5.878
0.406
5.880
0.401
5.886
5.887
0.395
0.391
0.390
5.894
5.896
0.383
5.915
0.363
0.363
0.359
0.357
0.357
0.344
0.334
5.960
5.965
0.318
0.316
0.314
5.969
5.973
5.973
5.979
0.302
0.301
5.982
5.986
0.295
5.990
5.993
0.288
0.284
6.007
0.275
6.016
6.021
0.241
6.049
6.059
0.219
0.216
0.213
6.075
6.075
0.198
6.086
0.193
6.091
0.190
6.093
6.093
6.098
0.182
6.104
6.107
6.111
0.170
6.116
0.166
6.123
0.148
0.143
0.144
0.135
0.132
0.133
6.156
6.159
0.119
6.165
6.166
0.115
0.107
6.177
0.105
0.105
0.101
0.101
0.097
0.097
0.095
0.092
0.093
6.192
6.190
0.089
6.194
6.198
0.084
6.200
0.079
0.074
6.215
0.068
0.067
0.063
6.223
6.227
0.054
0.048
6.241
0.044
0.040
6.253
0.033
6.275
0.000
6.270
6.277
6.273
0.017
0.005
0.008
6.277
0.002
