46.060
46.060
46.060
46.060
46.060
46.060
46.080
46.080
46.100
46.100
46.100
46.120
46.140
46.140
46.160
46.180
46.180
46.180
46.180
46.200
46.240
46.240
46.240
46.260
46.260
46.280
46.300
46.300
46.300
46.340
46.340
46.360
46.360
46.400
46.400
46.400
46.480
46.520
46.540
46.540
46.560
46.560
46.660
46.800
46.820
46.840
47.000
47.020
47.040
47.040
47.040
47.100
47.120
47.140
47.160
47.180
47.220
47.220
47.240
47.240
47.300
47.320
47.360
47.440
47.500
47.500
47.620
47.620
47.760
47.960
48.160
48.300
259.320
259.320
259.380
259.380
259.420
259.440
259.500
259.500
259.520
259.700
259.800
259.940
259.940
260.120
260.180
260.300
260.300
260.380
260.480
260.520
260.880
389.840
389.860
389.880
389.940
390.180
390.500
390.640
390.660
390.940
390.980
391.340
391.400
395.320
395.340
395.580
395.860
395.900
395.940
396.040
396.100
396.220
396.260
396.340
396.420
396.480
396.520
396.640
396.720
396.840
396.840
396.840
396.900
396.900
396.980
397.160
397.260
397.360
397.880
398.160
398.360
398.420
398.640
398.720
398.920
398.920
399.000
399.380
399.780
399.860
400.140
400.220
400.340
400.380
400.420
400.440
400.500
400.540
400.600
400.740
400.900
400.900
400.920
400.960
401.080
401.220
401.280
401.340
401.340
401.500
401.520
401.600
401.620
401.660
401.760
401.800
401.800
401.900
401.960
402.000
402.060
402.120
402.180
402.260
402.280
402.300
402.360
402.400
402.420
402.420
402.480
402.580
402.580
402.600
402.660
402.660
402.700
402.740
402.740
402.780
402.820
402.860
402.880
402.940
403.020
403.080
403.080
403.120
403.140
403.240
403.300
403.300
403.300
403.320
403.320
403.340
403.340
403.360
403.360
403.360
403.380
403.380
403.380
484.380
484.500
484.820
484.940
484.960
485.380
558.320
558.520
558.720
558.840
559.080
559.120
559.160
559.300
559.420
559.560
559.640
559.640
579.580
579.600
579.660
579.740
580.020
580.060
580.100
580.160
580.500
580.940
580.980
581.020
581.040
581.400
581.880
581.900
581.960
581.980
582.080
582.280
582.820
582.960
583.000
583.020
583.360
583.360
619.400
619.520
620.000
620.180
620.180
620.200
620.220
671.500
671.660
671.760
671.900
671.980
672.020
672.360
696.060
696.340
696.520
696.660
696.900
697.080
697.700
697.780
697.940
698.040
698.060
698.160
698.200
698.620
698.620
698.940
716.300
716.880
716.900
717.040
717.080
756.360
756.420
756.700
756.780
756.920
757.080
757.300
757.320
780.980
781.360
781.380
781.740
781.860
782.000
782.300
782.580
782.740
782.820
782.840
783.500
783.660
792.380
792.420
793.220
824.880
824.880
825.360
825.680
825.700
847.580
847.720
847.800
847.860
847.960
849.320
849.520
849.600
849.900
850.100
855.000
855.480
881.980
882.300
882.380
882.540
882.560
883.000
902.120
902.180
902.280
902.280
902.620
903.020
903.360
903.400
903.400
903.780
904.120
904.460
904.480
904.620
907.500
907.600
907.780
907.800
908.320
908.480
908.540
931.320
931.400
931.480
931.480
931.620
931.660
931.740
931.840
932.240
948.640
949.240
949.240
949.340
949.660
949.820
950.000
950.460
950.500
950.520
950.560
950.780
953.660
953.920
954.040
954.540
974.720
975.140
975.240
988.860
989.800
990.480
990.500
990.540
990.660
990.660
990.940
990.980
991.060
994.740
994.740
995.400
1013.520
1013.720
1013.860
1013.960
1014.000
1014.240
1014.280
1024.540
1024.580
1026.160
1031.620
1031.860
1031.880
1031.940
1048.500
1048.780
1049.080
1055.900
1056.800
1057.380
1057.820
1064.880
1065.060
1065.220
1065.220
1065.280
1065.320
1065.340
1080.320
1080.360
1080.500
1084.560
1084.700
1085.480
1086.140
1086.140
1086.340
1086.620
1095.740
1095.940
1110.040
1110.080
1110.660
1110.940
1111.040
1111.180
1111.500
1111.840
1111.940
1111.980
1112.100
1112.220
1123.860
1124.120
1134.660
1135.300
1135.400
1135.860
1135.900
1136.340
1136.900
1137.000
1149.980
1150.220
1150.260
1150.500
1150.520
1156.720
1156.980
1158.000
1158.080
1158.280
1158.560
1162.380
1162.440
1162.440
1162.860
1162.960
1175.120
1177.460
1177.920
1178.200
1178.420
1186.080
1186.600
1186.600
1186.680
1186.740
1196.480
1196.560
1196.780
1197.640
1197.700
1198.140
1208.520
1208.560
1209.180
1214.420
1214.880
1215.180
1215.760
1215.800
1215.900
1215.960
1219.080
1219.320
1219.600
1229.880
1230.080
1230.140
1231.420
1231.440
1231.540
1232.440
1232.500
1239.780
1239.920
1240.240
1240.280
1247.780
1248.460
1248.700
1249.720
1249.920
1250.000
1250.080
1259.080
1262.400
1263.040
1263.560
1268.420
1268.980
1276.640
1276.760
1277.320
1277.700
1277.860
1277.940
1278.120
1278.260
1286.520
1286.680
1286.780
1287.060
1287.060
1287.120
1290.520
1291.600
1295.660
1295.880
1303.240
1303.460
1303.460
1303.780
1303.820
1304.040
1304.380
1312.640
1315.540
1315.920
1316.020
1316.100
1316.500
1320.340
1320.640
1320.680
1320.940
1327.580
1327.640
1327.660
1327.700
1328.180
1328.600
1328.880
1336.420
1336.500
1339.760
1344.280
1349.800
1349.860
1350.300
1359.620
1360.800
1360.860
1366.600
1370.760
1371.360
1371.580
1380.020
1380.160
1380.360
1380.420
1380.580
1380.780
1380.980
1387.420
1387.480
1389.440
1389.460
1389.640
1390.300
1390.700
1394.480
1394.560
1394.660
1398.520
1399.360
1407.160
1407.320
1407.580
1407.780
1408.040
1414.100
1414.200
1414.200
1414.240
1414.500
1416.280
1416.520
1420.780
1424.420
1424.520
1424.680
1426.620
1432.080
1432.780
1432.920
1432.920
1432.960
1432.980
1433.060
1438.620
1438.660
1438.840
1439.660
1440.260
1444.820
1445.000
1445.320
1447.580
1448.220
1450.700
1451.220
1454.500
1454.980
1456.640
1461.660
1461.740
1462.340
1462.620
1468.180
1468.360
1468.960
1469.340
1469.420
1473.680
1474.120
1475.420
1478.860
1479.460
1482.040
1482.680
1484.420
1484.420
1484.500
1484.920
1488.160
1488.580
1488.760
1489.220
1490.020
1490.180
1494.960
1494.960
1494.980
1495.280
1495.340
1495.520
1500.240
1500.380
1500.440
1500.780
1501.420
1501.460
1501.500
1505.820
1506.520
1506.960
1510.500
1510.660
1510.780
1512.360
1512.360
1512.960
1513.240
1518.640
1518.740
1520.700
1523.980
1524.020
1529.040
1529.120
1529.180
1530.440
1530.860
1534.620
1534.900
1535.320
1535.500
1535.720
1539.500
1539.540
1539.760
1539.920
1540.020
1540.380
1545.040
1549.300
1549.460
1549.620
1549.920
1553.820
1553.840
1554.360
1555.240
1558.460
1558.780
1559.440
1563.200
1563.320
1564.840
1567.520
1568.760
1568.900
1572.140
1572.420
1572.440
1573.480
1573.580
1573.900
1573.940
1576.720
1576.860
1577.760
1581.180
1582.320
1582.580
1589.600
1590.840
1591.000
1593.700
1594.020
1594.640
1594.900
1595.120
1595.180
1595.180
1595.280
1595.320
1598.220
1598.940
1601.900
1602.000
1602.320
1603.280
1603.480
1605.820
1606.420
1607.260
1607.400
1613.860
1614.460
1617.920
1618.140
1618.840
1622.080
1622.400
1625.960
1626.300
1629.220
1629.460
1629.880
1630.300
1633.200
1633.220
1633.660
1634.020
1636.580
1636.620
1637.440
1637.640
1641.220
1643.520
1643.780
1644.900
1644.940
1648.640
1653.020
1653.400
1655.980
1656.040
1659.480
1659.620
1659.760
1659.780
1659.880
1659.900
1660.000
1663.080
1665.460
1665.540
1665.940
1667.120
1667.400
1668.660
1668.700
1674.020
1674.200
1675.060
1677.380
1677.600
1677.820
1677.860
1680.160
1680.380
1680.560
1680.600
1680.600
1683.700
1684.760
1691.520
1691.520
1694.320
1694.420
1694.560
1696.760
1697.000
1697.080
1698.100
1700.060
1701.280
1701.560
1701.760
1701.760
1701.800
1701.880
1702.200
1702.300
1704.980
1705.060
1707.440
1709.740
1709.760
1710.000
1711.180
1711.200
1711.460
1711.640
1712.220
1714.640
1714.760
1715.180
1717.200
1717.260
1717.640
1717.740
1717.860
1720.860
1720.860
1722.520
1724.000
1724.500
1724.800
1727.620
1729.360
1734.060
1736.100
1737.960
1738.140
1738.280
1738.540
1739.800
1740.300
1740.340
1740.520
1740.640
1743.200
1743.280
1744.540
1744.820
1746.300
1746.760
1748.840
1748.900
1748.920
1749.060
1749.100
1749.120
1749.460
1751.140
1751.200
1751.900
1752.040
1752.360
1754.940
1755.520
1757.140
1757.460
1757.480
1757.940
1758.960
1761.240
1763.240
1764.120
1767.000
1767.380
1769.340
1769.720
1772.740
1772.800
1773.080
1775.980
1776.100
1776.280
1778.620
1779.100
1779.900
1781.680
1782.020
1782.200
1783.820
1783.980
1784.500
1787.200
1787.320
1787.420
1787.520
1787.600
1790.040
1790.280
1790.480
1790.540
1790.940
1793.040
1793.420
1793.960
1794.120
1794.140
1795.600
1795.820
1797.600
1797.620
1797.620
1798.920
1799.120
1799.280
1800.540
1801.640
1804.280
1804.480
1804.600
1805.460
1805.540
1805.680
1806.780
1807.220
1807.820
1807.940
1807.960
1808.240
1809.740
1809.920
1810.200
1811.080
1811.640
1813.040
1813.680
1813.900
1814.080
1814.220
1814.260
1814.540
1814.620
1815.340
1815.640
1816.620
1816.720
1817.060
1817.740
1818.020
1818.620
1818.960
1819.280
1819.360
1819.520
1819.820
1820.140
