65.580
65.600
65.600
65.600
65.600
65.600
65.600
65.600
65.620
65.620
65.620
65.620
65.620
65.640
65.640
65.660
65.680
65.700
65.740
65.760
65.760
65.760
65.760
65.780
65.780
65.800
65.800
65.820
65.840
65.860
65.860
65.880
65.920
65.940
65.940
65.960
65.960
65.980
66.020
66.020
66.060
66.060
66.080
66.080
66.080
66.120
66.160
66.160
66.180
66.200
66.200
66.240
66.320
66.320
66.400
66.420
66.480
66.500
66.500
66.520
66.540
66.620
66.640
66.640
66.640
66.660
66.720
66.720
66.800
66.840
66.880
66.900
66.900
66.920
66.940
66.960
67.000
67.020
67.060
67.080
67.120
67.140
67.200
67.240
67.360
67.400
67.400
67.400
67.460
67.580
67.600
67.620
67.640
67.660
67.700
67.740
67.740
67.740
67.780
67.800
67.840
67.840
67.880
67.940
68.100
68.120
68.120
68.160
68.160
68.200
68.320
68.320
68.340
68.360
68.380
68.500
68.500
68.500
68.520
68.540
68.620
68.700
68.800
68.820
68.880
68.940
68.960
68.960
68.980
69.040
69.060
69.100
69.100
69.120
69.160
69.160
69.220
69.300
69.300
69.340
69.380
69.380
69.440
69.440
69.560
69.580
69.620
69.620
69.720
69.780
69.900
69.920
69.940
69.980
70.080
70.100
70.120
70.140
70.380
70.440
70.460
70.480
70.480
70.600
70.660
70.740
70.820
70.860
71.060
71.180
71.220
71.240
71.300
71.340
71.380
71.380
71.440
71.560
71.560
71.600
71.620
71.680
129.080
129.080
129.120
129.160
129.160
129.240
129.240
129.260
129.280
129.300
129.440
129.480
129.500
129.720
129.840
129.960
130.000
130.020
130.200
130.300
130.440
130.460
130.520
130.540
130.720
130.760
130.900
130.920
131.000
131.020
131.040
131.040
131.060
131.080
131.100
131.200
131.200
131.260
131.300
131.380
131.400
131.500
131.600
131.680
131.680
131.700
131.920
131.940
131.960
131.980
132.000
132.040
132.060
132.100
132.120
132.240
132.340
132.400
132.440
132.480
132.500
132.560
132.680
132.680
132.780
132.800
132.800
132.820
132.860
132.900
132.980
133.020
133.060
133.080
133.080
133.120
133.140
133.180
133.200
133.240
133.320
133.340
133.360
133.360
133.460
133.500
133.520
133.640
133.680
133.680
133.700
133.720
133.800
133.800
133.800
133.800
133.820
133.900
133.900
134.080
134.160
134.220
134.240
134.280
134.280
134.300
134.320
134.400
134.500
134.520
134.520
134.540
134.620
134.700
134.700
134.720
134.720
134.720
134.760
134.760
134.780
134.780
134.820
134.880
134.900
134.920
134.960
134.960
134.980
135.040
135.080
135.200
135.220
135.240
135.260
135.260
135.320
135.320
135.360
135.360
135.380
135.440
135.480
135.520
135.520
135.520
135.600
135.640
135.720
135.740
135.800
135.800
135.840
135.840
135.860
135.860
135.880
135.940
135.940
135.960
135.960
135.960
135.960
136.000
136.000
136.000
136.020
136.080
136.140
136.140
136.180
136.220
136.240
136.240
136.240
136.240
136.260
136.280
136.280
136.320
136.380
136.400
136.420
136.420
136.440
136.440
136.440
136.460
136.460
136.460
136.480
136.480
136.480
136.500
136.500
136.500
136.500
136.520
136.520
136.520
136.520
136.540
136.540
136.540
136.540
136.540
136.540
136.560
136.560
136.560
136.560
136.560
136.560
136.560
136.560
136.560
197.400
197.540
197.580
197.580
197.600
197.700
197.740
197.860
197.920
197.940
197.940
198.000
198.120
198.180
198.200
198.320
198.340
198.440
198.440
198.520
198.540
198.580
198.580
198.620
198.680
198.760
199.020
199.080
199.100
199.500
251.560
251.580
251.600
251.620
251.740
251.820
251.860
252.000
252.000
252.220
252.240
252.340
252.540
252.620
252.660
252.760
252.760
252.820
252.900
252.920
252.940
253.200
253.200
253.260
253.280
253.320
253.400
253.500
253.680
253.780
253.780
253.800
253.860
290.740
290.740
290.740
290.800
290.800
290.880
290.900
290.940
290.980
291.060
291.220
291.240
291.260
291.540
291.560
291.640
291.820
291.880
291.980
292.000
292.080
292.140
292.160
292.240
292.340
292.420
292.680
292.700
292.700
292.720
292.780
292.900
292.940
292.940
340.000
340.020
340.080
340.140
340.200
340.220
340.240
340.380
340.380
340.400
340.520
340.660
340.700
340.840
340.920
341.080
341.340
341.460
341.460
341.500
341.620
341.660
341.700
342.020
364.440
364.480
364.540
364.580
364.740
364.760
364.980
365.000
365.240
365.240
365.300
365.300
365.360
365.380
365.420
365.480
365.520
365.540
365.560
365.640
365.800
365.820
365.900
365.940
366.040
366.180
366.300
366.320
366.400
366.480
366.480
366.520
366.620
408.840
408.860
408.860
408.960
409.020
409.060
409.060
409.120
409.180
409.220
409.340
409.480
409.520
409.620
409.640
409.680
409.820
409.860
409.860
410.100
410.140
410.200
410.220
410.240
410.300
410.540
410.660
410.700
410.760
410.840
410.980
411.000
425.480
425.600
425.620
425.620
425.640
425.680
425.740
425.740
425.820
425.880
425.920
426.080
426.280
426.340
426.380
426.540
426.620
426.660
426.700
426.700
426.760
426.780
426.800
426.940
427.040
427.080
427.140
427.220
427.260
427.400
427.580
465.120
465.180
465.420
465.580
465.660
465.740
465.800
465.820
466.360
466.400
466.400
466.600
466.620
466.700
466.740
466.760
466.780
466.800
466.840
466.980
467.020
467.240
467.320
467.340
467.360
477.700
477.720
477.760
477.940
478.040
478.160
478.240
478.280
478.420
478.460
478.620
478.800
478.980
479.100
479.260
479.320
479.340
479.340
479.600
479.720
479.780
479.980
480.000
480.160
512.620
512.700
512.920
513.000
513.020
513.260
513.320
513.340
513.360
513.360
513.380
513.380
513.740
513.780
513.780
513.820
513.820
513.960
514.100
514.100
514.140
514.180
514.200
514.420
514.460
514.560
514.640
514.640
514.660
514.660
514.680
514.760
514.780
514.840
523.600
523.620
523.820
523.840
523.920
523.940
524.020
524.460
524.520
524.780
524.820
525.020
525.100
525.120
525.220
525.380
525.440
525.480
525.500
525.500
525.600
525.720
526.300
526.400
552.920
553.020
553.260
553.440
553.600
553.600
553.620
553.760
553.820
553.840
553.840
553.860
554.040
554.100
554.200
554.360
554.500
554.700
554.720
554.820
554.920
555.020
555.180
555.240
555.380
555.400
555.400
555.400
555.600
564.840
564.860
564.880
565.000
565.040
565.180
565.320
565.420
565.760
565.840
566.020
566.040
566.100
566.280
566.300
566.320
566.340
566.520
566.560
566.660
566.720
566.740
566.820
566.840
566.860
567.000
567.040
567.100
567.200
567.220
567.340
567.400
567.620
567.660
567.720
567.900
567.960
568.020
568.060
587.760
587.800
587.840
587.840
587.920
587.960
588.000
588.040
588.140
588.240
588.300
588.420
588.540
588.540
588.600
588.600
588.660
588.700
588.780
588.820
588.920
589.060
589.220
589.620
589.860
589.940
590.060
590.080
590.080
590.140
590.480
590.660
590.780
590.820
590.900
590.920
590.980
590.980
602.660
602.660
602.700
602.740
602.820
602.880
602.920
603.100
603.120
603.660
603.740
603.860
603.920
604.020
604.060
604.180
604.200
604.500
604.900
605.020
605.200
605.340
605.440
605.560
605.600
605.920
606.020
606.060
606.140
606.360
606.400
606.480
606.540
606.600
606.740
606.820
607.060
616.940
616.980
617.020
617.080
617.140
617.280
617.280
617.300
617.340
617.520
617.600
617.780
617.880
617.940
618.100
618.380
618.400
618.400
618.520
618.540
618.620
618.700
618.760
618.800
618.940
618.980
619.000
619.120
619.220
619.360
619.560
619.600
619.900
619.920
619.940
619.960
620.040
620.040
620.260
620.520
620.520
620.660
621.020
621.500
621.680
621.700
621.800
621.860
621.940
621.940
621.960
622.000
622.000
639.000
639.200
639.200
639.240
639.320
639.360
639.620
639.700
639.860
639.860
639.920
640.160
640.260
640.280
640.300
640.640
640.640
640.660
640.920
640.940
641.040
641.340
641.740
641.840
641.940
642.020
642.100
642.140
642.180
642.280
642.320
642.460
642.480
642.580
642.780
642.800
642.900
642.960
643.000
643.020
643.140
643.180
643.360
643.420
643.520
643.780
643.980
644.100
644.160
644.260
644.360
644.420
644.500
644.600
644.640
645.200
645.340
645.420
645.480
645.540
645.600
645.640
645.760
645.860
646.000
646.020
646.280
646.480
646.500
646.620
646.660
646.680
646.720
646.740
647.080
647.160
647.300
647.300
647.340
647.360
647.860
648.020
