73.740
73.740
73.740
73.740
73.740
73.740
73.740
73.740
73.740
73.740
73.740
73.740
73.740
73.760
73.760
73.760
73.760
73.760
73.760
73.760
73.760
73.760
73.760
73.760
73.760
73.760
73.780
73.780
73.780
73.780
73.780
73.800
73.800
73.800
73.800
73.820
73.820
73.820
73.820
73.840
73.840
73.840
73.840
73.840
73.840
73.860
73.860
73.860
73.860
73.860
73.860
73.860
73.860
73.880
73.880
73.880
73.880
73.880
73.900
73.900
73.920
73.920
73.920
73.920
73.960
73.960
73.960
73.980
73.980
74.020
74.020
74.100
74.160
74.240
74.240
74.240
74.280
74.280
74.280
74.300
74.300
74.320
74.320
74.320
74.360
74.380
74.420
74.440
74.480
74.480
74.480
74.500
74.500
74.580
74.580
74.600
74.600
74.660
74.660
74.680
74.720
74.720
74.740
74.760
74.780
74.780
74.800
74.800
74.800
74.820
74.820
74.840
74.920
74.980
74.980
75.020
75.060
75.080
75.080
75.080
75.100
75.100
75.180
75.220
75.280
75.300
75.340
75.360
75.380
75.380
75.380
75.420
75.440
75.480
75.480
75.540
75.640
75.760
75.840
75.860
75.860
75.900
75.980
76.020
76.020
76.120
76.180
76.260
76.280
76.320
76.480
76.520
76.580
76.620
76.640
76.680
76.680
76.760
76.780
76.800
76.840
76.900
76.920
76.960
77.020
77.100
77.100
77.180
77.280
77.280
77.620
77.680
77.720
77.720
77.780
77.900
77.920
77.940
78.040
78.080
78.080
78.100
78.120
78.140
78.160
78.180
78.300
78.320
78.320
78.360
78.420
78.480
78.580
78.680
78.680
78.700
78.720
78.720
78.720
78.720
78.760
78.780
78.900
78.920
79.280
79.400
79.440
79.460
79.580
79.640
79.680
79.700
79.760
79.820
79.820
79.840
79.920
79.940
79.960
79.980
80.000
80.000
80.080
80.340
80.360
80.400
80.400
80.420
80.420
80.440
80.500
80.520
80.540
80.560
80.660
80.780
80.840
80.880
80.940
81.040
81.120
81.360
81.380
81.420
81.480
81.480
81.480
81.600
81.640
81.680
81.800
81.820
81.900
81.980
82.020
82.120
82.160
82.220
82.240
82.380
82.540
82.640
82.860
82.920
82.940
82.980
83.020
83.060
83.280
83.320
83.320
83.360
83.400
83.440
83.520
83.540
83.580
83.620
83.760
83.780
83.840
83.880
83.900
83.960
83.980
84.060
84.080
84.140
84.320
84.340
84.380
84.420
84.500
84.520
84.680
84.680
84.700
84.920
84.920
84.920
85.000
85.020
85.020
85.100
85.280
85.300
85.320
85.320
85.340
85.440
85.600
85.720
85.720
85.760
85.760
85.780
85.800
85.840
85.860
86.020
86.020
86.060
86.180
86.280
86.380
86.540
86.640
86.760
86.800
87.100
87.100
87.100
87.220
87.260
87.280
87.360
87.360
87.440
87.460
87.460
87.480
87.500
87.520
87.540
87.560
87.700
88.060
88.080
88.120
88.320
88.360
88.380
88.380
88.480
88.680
88.820
89.080
89.160
89.160
89.180
89.280
89.300
89.480
89.560
89.640
89.640
89.980
90.080
90.100
90.200
90.480
90.580
90.680
90.700
91.020
91.080
91.200
91.260
91.460
91.740
91.920
91.920
92.120
92.140
92.180
92.260
92.340
92.440
92.600
92.620
92.900
92.960
93.020
93.180
93.340
93.360
93.420
93.480
93.500
93.520
93.540
93.640
93.800
93.900
93.920
94.300
94.420
94.420
94.520
94.660
94.680
94.860
94.900
94.960
95.440
95.500
95.780
96.020
96.100
96.160
96.260
96.320
96.560
96.720
96.760
96.900
97.040
97.120
97.420
97.540
97.780
97.860
98.000
98.100
98.140
98.220
98.320
98.540
98.560
98.600
98.600
98.620
98.840
98.960
99.140
99.160
99.500
99.580
99.600
99.600
99.680
99.840
100.000
100.100
100.180
100.220
100.260
100.380
100.420
100.640
100.740
101.000
101.020
101.100
101.180
101.200
101.260
101.260
101.260
101.300
101.300
101.300
101.380
101.400
101.440
101.540
101.580
101.820
101.960
102.080
102.160
102.220
102.680
103.140
103.140
103.400
103.400
103.420
103.500
103.520
103.580
103.600
103.720
103.760
103.780
104.080
104.200
104.420
104.480
104.520
104.520
104.620
104.620
104.860
104.980
105.000
105.020
105.220
105.500
105.560
105.740
105.840
105.880
106.060
106.240
106.280
106.400
106.420
106.520
106.700
106.780
106.880
106.900
107.100
107.120
107.260
107.400
107.520
107.540
107.580
107.580
107.600
107.640
107.820
107.860
108.000
108.060
108.160
108.420
108.600
108.620
108.680
108.780
108.780
108.860
109.160
109.420
109.620
109.820
109.840
109.960
109.960
110.040
110.040
110.240
110.260
110.480
110.600
110.740
110.740
110.740
110.800
110.840
111.100
111.200
111.240
111.480
111.500
111.540
111.600
111.680
111.740
111.840
111.960
112.180
112.280
112.420
112.440
112.600
112.640
112.660
112.740
112.780
112.920
113.060
113.120
113.360
113.400
113.500
113.540
113.560
113.600
113.720
113.940
114.040
114.420
114.440
114.440
114.460
114.760
114.780
114.900
115.000
115.100
115.120
115.160
115.280
115.320
115.620
115.640
115.800
115.820
115.820
115.940
116.040
116.100
116.160
116.360
116.400
116.420
116.540
116.640
116.720
116.720
116.800
116.900
117.000
117.020
117.320
117.320
117.540
117.780
117.860
118.040
118.120
118.120
118.280
118.320
118.420
118.640
118.640
118.660
118.700
118.780
118.800
118.980
119.160
119.180
119.280
119.600
119.700
119.840
120.320
120.400
120.560
120.560
120.560
120.640
120.700
120.800
121.120
121.140
121.300
121.300
121.560
121.580
121.680
121.720
121.820
121.940
122.020
122.060
122.240
122.260
122.320
122.380
122.380
122.640
122.680
123.020
123.240
123.260
123.280
123.380
123.580
123.800
123.880
124.040
124.080
124.220
124.260
124.340
124.360
124.380
124.460
124.620
124.720
124.820
124.880
124.880
125.000
125.140
125.160
125.200
125.240
125.240
125.240
125.300
125.360
125.560
125.680
125.920
125.960
125.980
126.120
126.220
126.220
126.320
126.500
126.560
126.720
126.780
126.820
126.840
126.920
126.980
127.080
127.080
127.160
127.300
127.340
127.380
127.440
127.520
127.540
127.680
127.720
127.780
127.820
127.920
127.920
127.960
127.960
128.140
128.380
128.400
128.500
128.580
128.640
128.660
128.740
128.840
128.860
128.960
129.040
129.060
129.140
129.160
129.420
129.460
129.460
129.500
129.620
129.660
129.780
129.820
129.880
130.080
130.080
130.120
130.140
130.160
130.200
130.480
130.520
130.580
130.620
130.720
130.820
130.840
130.960
131.000
131.100
131.260
131.420
131.500
131.520
131.520
131.540
131.580
131.740
131.860
131.900
131.980
132.000
132.000
132.100
132.120
132.140
132.240
132.620
132.620
132.780
132.960
133.020
133.240
133.300
133.320
133.360
133.400
133.620
133.620
133.720
133.760
133.780
133.800
133.880
133.900
134.000
134.020
134.060
134.080
134.160
134.220
134.400
134.500
134.580
134.680
134.680
134.780
135.060
135.060
135.120
135.360
135.380
135.460
135.480
135.520
135.520
135.560
135.680
135.720
135.720
135.760
135.900
135.940
135.940
135.960
136.020
136.060
136.180
136.240
136.240
136.440
136.480
136.520
136.560
136.700
136.780
136.780
136.880
136.920
137.020
137.120
137.180
137.520
137.540
137.600
137.620
137.660
137.780
137.780
137.860
138.060
138.180
138.200
138.280
138.280
138.300
138.320
138.360
138.380
138.400
138.420
138.480
138.720
138.720
138.780
138.800
138.800
138.820
138.880
139.160
139.220
139.240
139.280
139.280
139.320
139.340
139.380
139.400
139.440
139.480
139.560
139.580
139.620
139.620
139.680
139.760
139.780
139.780
139.780
139.820
139.840
139.880
139.940
139.940
139.940
139.940
139.980
139.980
140.000
140.040
140.080
140.220
140.260
140.320
140.360
140.360
140.380
140.400
140.420
140.420
140.500
140.540
140.540
140.600
140.660
140.700
140.720
140.760
140.760
140.780
140.800
140.800
140.800
140.820
140.820
140.840
140.840
140.840
140.860
140.900
140.900
140.900
140.900
140.900
140.900
140.900
140.900
140.920
140.940
140.960
140.980
140.980
140.980
140.980
140.980
140.980
141.000
141.020
141.040
141.060
141.060
141.080
141.080
141.080
141.100
141.100
141.100
141.100
141.100
141.120
141.120
141.120
141.120
141.120
141.120
141.140
141.140
141.140
141.140
141.140
141.160
141.160
141.160
141.160
141.160
141.160
141.160
