75.900
75.920
75.920
75.920
75.920
75.920
75.920
75.920
75.920
75.920
75.920
75.920
75.920
75.940
75.940
75.940
75.940
75.940
75.940
75.940
75.960
75.960
75.960
75.960
75.980
75.980
75.980
75.980
75.980
75.980
75.980
75.980
76.000
76.000
76.000
76.020
76.020
76.020
76.040
76.040
76.040
76.040
76.080
76.080
76.080
76.080
76.100
76.100
76.100
76.100
76.120
76.120
76.120
76.120
76.120
76.140
76.140
76.160
76.160
76.160
76.180
76.180
76.180
76.180
76.200
76.200
76.200
76.200
76.200
76.220
76.220
76.220
76.220
76.220
76.220
76.240
76.240
76.260
76.280
76.280
76.300
76.320
76.320
76.320
76.320
76.320
76.340
76.340
76.340
76.340
76.380
76.380
76.400
76.400
76.420
76.420
76.420
76.440
76.480
76.500
76.520
76.540
76.560
76.560
76.560
76.560
76.560
76.580
76.580
76.580
76.580
76.580
76.600
76.620
76.620
76.660
76.680
76.700
76.720
76.740
76.780
76.780
76.780
76.800
76.860
76.880
76.880
76.880
76.900
76.900
76.920
76.920
76.960
76.980
77.000
77.000
77.040
77.040
77.040
77.040
77.060
77.100
77.180
77.200
77.220
77.220
77.300
77.300
77.300
77.320
77.320
77.340
77.340
77.360
77.420
77.500
77.520
77.540
77.560
77.580
77.580
77.600
77.600
77.620
77.640
77.640
77.660
77.660
77.700
77.720
77.720
77.860
77.860
77.880
77.900
77.920
77.940
77.960
78.000
78.040
78.080
78.120
78.140
78.160
78.160
78.160
78.180
78.260
78.300
78.320
78.320
78.340
78.340
78.360
78.360
78.380
78.420
78.460
78.460
78.500
78.500
78.500
78.520
78.560
78.560
78.600
78.620
78.640
78.680
78.740
78.760
78.780
78.800
78.820
78.920
78.940
78.960
79.000
79.000
79.000
79.040
79.120
79.240
79.260
79.360
79.400
79.420
79.440
79.540
79.560
79.580
79.620
79.620
79.680
79.680
79.720
79.760
79.900
79.920
79.920
79.980
80.000
80.020
80.100
80.160
80.240
80.240
80.240
80.300
80.340
80.380
80.380
80.420
80.500
80.580
80.600
80.620
80.640
80.640
80.680
80.680
80.740
80.760
80.840
80.880
80.940
80.960
80.960
81.000
81.100
81.100
81.140
81.140
81.180
81.200
81.200
81.220
81.260
81.320
81.400
81.420
81.500
81.540
81.560
81.680
81.740
81.760
81.800
81.800
81.840
81.860
81.920
82.000
82.000
82.020
82.060
82.080
82.120
82.120
82.180
82.240
82.240
82.260
82.260
82.280
82.420
82.520
82.540
82.560
82.580
82.620
82.640
82.640
82.640
82.660
82.700
82.720
82.740
82.760
82.800
82.800
82.820
82.840
82.860
82.900
82.940
82.940
83.040
83.040
83.060
83.140
83.200
83.200
83.260
83.300
83.380
83.400
83.440
83.460
83.480
83.540
83.580
83.580
83.600
83.600
83.620
83.780
83.920
83.980
84.000
84.060
84.100
84.120
84.140
84.140
84.160
84.200
84.300
84.360
84.440
84.620
84.680
84.700
85.040
85.040
85.080
85.180
85.240
85.260
85.300
85.300
85.500
85.500
85.500
85.620
85.680
85.700
85.720
85.880
85.920
85.960
86.060
86.080
86.080
86.100
86.100
86.100
86.180
86.220
86.360
86.460
86.520
86.580
86.640
86.660
86.680
86.680
86.760
86.880
86.960
86.980
87.000
87.000
87.060
87.080
87.100
87.200
87.280
87.300
87.300
87.460
87.540
87.680
87.700
87.700
87.720
88.000
88.040
88.060
88.100
88.100
88.140
88.140
88.240
88.260
88.320
88.360
88.380
88.420
88.460
88.620
88.640
88.700
88.700
88.840
88.920
88.920
89.000
89.040
89.080
89.100
89.140
89.260
89.320
89.380
89.380
89.440
89.440
89.440
89.460
89.460
89.480
89.500
89.520
89.520
89.580
89.600
89.660
89.880
89.900
90.000
90.040
90.080
90.120
90.120
90.140
90.160
90.180
90.240
90.300
90.320
90.320
90.380
90.400
90.480
90.580
90.600
90.600
90.640
90.640
90.640
90.680
90.720
90.740
90.760
90.780
90.820
90.900
90.920
91.020
91.020
91.120
91.140
91.160
91.360
91.440
91.440
91.460
91.480
91.520
91.720
91.780
91.780
91.860
92.160
92.180
92.180
92.200
92.240
92.340
92.360
92.360
92.540
92.660
92.800
92.960
92.960
93.140
93.200
93.200
93.220
93.220
93.420
93.440
93.500
93.600
93.600
93.660
93.700
93.800
93.820
93.820
93.840
94.120
94.120
94.120
94.240
94.360
94.420
94.500
94.500
94.500
94.520
94.600
94.620
94.680
94.700
94.720
94.920
94.920
94.940
94.960
95.020
95.100
95.120
95.200
95.280
95.380
95.400
95.420
95.460
95.480
95.500
95.520
95.520
95.520
95.560
95.660
95.660
95.700
95.800
95.920
95.940
96.180
96.260
96.360
96.460
96.500
96.540
96.580
96.720
96.740
96.840
96.880
96.960
97.020
97.040
97.100
97.120
97.140
97.160
97.240
97.280
97.320
97.340
97.400
97.460
97.480
97.480
97.480
97.480
97.500
97.520
97.540
97.620
97.620
97.680
97.700
97.720
97.740
97.740
97.780
97.780
97.800
97.860
97.860
97.900
97.900
97.900
97.900
97.940
98.000
98.060
98.140
98.220
98.320
98.340
98.340
98.380
98.380
98.400
98.420
98.600
98.640
98.640
98.740
98.780
98.800
98.860
98.860
98.880
98.900
98.960
99.060
99.100
99.180
99.180
99.180
99.220
99.280
99.420
99.440
99.460
99.540
99.660
99.660
99.700
99.700
99.780
99.900
99.920
99.920
99.980
100.100
100.220
100.220
100.220
100.220
100.240
100.320
100.380
100.560
100.580
100.680
100.680
100.700
100.740
100.880
100.880
100.940
100.960
100.980
101.020
101.040
101.040
101.080
101.220
101.240
101.280
101.300
101.300
101.460
101.500
101.560
101.600
101.600
101.620
101.640
101.660
101.660
101.680
101.740
101.820
101.820
101.860
101.860
101.880
101.900
101.940
101.960
101.980
102.040
102.040
102.140
102.160
102.180
102.240
102.260
102.260
102.300
102.300
102.300
102.320
102.340
102.360
102.400
102.480
102.480
102.480
102.520
102.620
102.680
102.720
102.720
102.760
102.780
102.860
102.920
102.980
102.980
103.000
103.000
103.000
103.020
103.040
103.100
103.120
103.180
103.340
103.420
103.460
103.480
103.500
103.500
103.580
103.580
103.720
103.740
103.780
103.800
103.800
103.840
103.900
103.920
103.960
104.040
104.040
104.060
104.080
104.120
104.120
104.140
104.160
104.180
104.220
104.260
104.360
104.360
104.360
104.420
104.440
104.500
104.500
104.540
104.540
104.540
104.580
104.600
104.700
104.760
104.880
104.900
104.900
104.940
105.040
105.060
105.140
105.160
105.220
105.240
105.260
105.280
105.320
105.340
105.340
105.360
105.380
105.440
105.500
105.520
105.600
105.600
105.720
105.760
105.800
105.820
105.880
105.920
105.960
105.960
105.960
105.980
105.980
106.040
106.080
106.140
106.160
106.180
106.240
106.260
106.260
106.320
106.360
106.360
106.380
106.400
106.400
106.540
106.560
106.580
106.580
106.600
106.640
106.660
106.700
106.740
106.740
106.740
106.780
106.840
106.860
106.880
106.940
107.000
107.080
107.120
107.120
107.120
107.120
107.120
107.140
107.140
107.180
107.200
107.240
107.240
107.260
107.320
107.320
107.320
107.340
107.340
107.380
107.380
107.400
107.420
107.460
107.460
107.480
107.500
107.500
107.520
107.560
107.560
107.600
107.660
107.660
107.680
107.700
107.740
107.740
107.760
107.780
107.800
107.800
107.800
107.800
107.820
107.860
107.880
107.880
107.900
107.940
107.960
107.960
107.960
107.980
107.980
108.000
108.020
108.020
108.020
108.040
108.100
108.120
108.120
108.120
108.120
108.120
108.140
108.160
108.160
108.180
108.180
108.200
108.200
108.220
108.240
108.280
108.280
108.280
108.320
108.360
108.360
108.380
108.400
108.400
108.400
108.440
108.460
108.460
108.480
108.480
108.480
108.480
108.480
108.500
108.520
108.520
108.540
108.540
108.540
108.540
108.540
108.560
108.560
108.580
108.580
108.580
108.580
108.600
108.600
108.600
108.600
108.600
108.620
108.620
108.620
108.620
108.640
108.640
108.640
108.660
108.660
108.660
108.660
108.660
108.660
108.660
108.680
108.680
108.680
108.680
108.680
108.680
108.700
108.700
108.700
108.700
108.700
108.720
108.720
108.720
108.720
108.720
108.720
108.720
108.720
108.720
108.720
