51.680
51.680
51.680
51.680
51.700
51.700
51.700
51.700
51.700
51.700
51.720
51.720
51.720
51.740
51.740
51.760
51.760
51.760
51.780
51.780
51.800
51.800
51.800
51.800
51.820
51.820
51.840
51.840
51.840
51.860
51.900
51.900
51.900
51.900
51.920
51.920
51.920
51.940
51.980
52.020
52.080
52.100
52.160
52.160
52.160
52.180
52.200
52.220
52.240
52.260
52.260
52.380
52.380
52.420
52.420
52.440
52.480
52.580
52.580
52.740
52.780
52.780
52.880
52.900
52.920
52.940
53.020
53.140
53.160
53.200
53.220
53.340
53.400
53.420
53.600
53.720
53.800
53.820
53.860
53.880
53.900
54.020
54.060
54.080
54.140
54.180
54.200
54.220
54.220
54.260
54.260
54.280
54.380
54.440
54.440
54.460
54.460
54.500
54.640
54.640
54.960
55.080
55.140
55.320
55.360
55.380
55.480
55.560
55.640
55.700
55.740
55.880
55.900
55.920
55.940
55.940
55.940
56.040
56.040
56.200
56.240
56.280
56.320
56.520
56.580
56.660
56.720
56.860
85.780
86.000
86.020
86.060
86.060
86.440
86.940
87.140
87.280
87.380
87.580
87.720
87.760
88.040
88.100
88.100
88.100
88.260
88.340
88.360
88.580
88.580
88.620
88.760
88.800
88.940
89.000
89.020
89.380
89.780
89.780
89.880
90.040
90.260
90.480
90.540
90.800
90.840
91.080
91.120
91.120
106.440
106.480
107.260
107.340
107.400
107.420
107.680
108.340
108.500
108.500
108.580
108.700
108.880
108.960
109.100
109.140
109.360
109.460
109.500
109.800
109.920
110.000
110.080
110.260
110.440
110.640
110.640
110.680
110.880
110.880
110.940
111.380
111.480
111.540
111.700
111.780
112.200
112.340
122.700
123.020
123.380
123.540
123.560
123.700
123.700
123.760
124.400
124.520
125.160
125.220
125.380
125.480
125.580
125.580
125.660
125.700
125.880
125.980
126.260
126.880
126.920
126.980
127.020
127.520
128.220
128.260
128.320
128.460
128.520
128.800
128.840
128.880
128.880
129.160
129.420
129.580
130.000
130.200
130.240
130.280
130.300
130.380
130.440
130.540
130.960
131.140
131.240
131.380
131.660
131.780
132.420
140.560
140.660
140.760
140.840
140.840
140.860
140.860
140.940
141.040
141.080
141.220
141.640
141.740
142.160
142.640
142.680
142.740
142.860
142.940
143.220
143.360
143.400
143.440
143.720
144.500
144.700
145.220
145.240
145.280
145.460
145.600
145.760
146.340
147.180
147.200
147.340
147.460
147.640
147.780
147.800
147.840
147.880
147.900
148.240
148.280
148.400
148.500
148.520
148.540
148.680
149.160
149.180
149.320
149.420
149.540
149.660
149.720
149.760
150.080
150.160
150.280
150.320
150.540
150.760
150.980
151.200
151.260
151.340
151.540
151.640
151.660
152.040
152.100
152.320
152.560
152.620
152.740
153.460
153.560
153.620
153.620
153.660
153.760
153.780
153.820
153.860
153.880
153.980
154.000
154.200
154.220
154.240
154.340
154.380
154.420
154.540
154.660
154.680
154.840
154.880
154.880
154.940
154.940
155.020
155.040
155.080
155.080
155.280
155.460
155.460
155.460
155.760
155.840
155.860
155.900
155.900
156.000
156.060
156.080
156.160
156.220
156.240
156.400
156.440
156.520
156.520
156.720
156.840
156.880
156.960
156.980
157.020
157.200
157.240
157.280
157.280
157.300
157.380
157.440
157.460
157.480
157.480
157.540
157.620
157.640
157.640
157.700
157.720
157.740
157.900
157.920
157.940
158.000
158.040
158.520
158.520
158.540
158.620
158.780
158.860
158.880
159.020
159.080
159.140
159.160
159.300
159.300
159.300
159.400
159.540
159.600
159.660
159.680
159.700
159.800
159.940
160.120
160.200
160.220
160.440
160.460
160.580
160.580
160.620
160.660
160.860
160.940
161.000
161.320
161.340
161.440
161.580
161.640
161.660
161.760
161.800
161.860
161.880
162.120
162.160
162.280
162.480
162.480
162.480
162.540
162.560
162.580
162.620
162.700
162.960
162.980
163.040
163.120
163.440
163.460
163.460
163.580
163.640
163.680
163.820
163.900
164.120
164.140
164.280
164.800
164.820
164.920
164.940
164.980
165.040
165.680
165.820
165.880
165.900
165.960
166.040
166.340
166.460
166.640
166.680
166.720
166.740
166.780
166.820
167.080
167.200
167.240
167.360
167.460
167.480
167.700
167.860
167.860
168.100
168.200
168.300
168.360
169.000
169.240
169.260
169.320
169.740
169.980
170.240
170.260
170.480
170.640
170.680
170.840
170.860
171.040
171.280
171.300
171.820
171.820
172.180
172.220
172.520
172.540
173.020
173.100
173.140
173.200
173.320
173.740
174.080
174.240
174.340
174.360
174.400
174.680
174.720
175.040
175.340
175.400
175.420
175.940
176.200
176.380
176.400
176.540
176.540
176.760
176.860
177.220
177.600
177.660
177.780
177.800
178.100
178.140
178.260
178.440
178.640
178.840
179.520
179.700
179.700
180.240
180.280
180.520
181.460
181.940
182.280
183.100
183.520
183.860
184.100
184.180
184.660
184.960
186.060
186.980
187.220
187.920
188.120
188.280
188.440
189.020
189.460
189.660
189.800
190.220
191.200
191.240
192.240
192.740
192.860
193.140
193.280
193.380
193.440
193.640
194.420
194.760
195.400
195.500
195.800
196.360
197.320
197.560
198.520
198.720
199.060
199.460
199.760
200.240
200.340
200.420
200.740
200.900
201.020
201.280
201.620
201.960
202.220
202.260
202.600
202.760
203.200
203.240
203.620
203.960
204.420
204.900
205.360
205.600
205.720
205.760
205.820
206.220
206.320
206.520
207.000
207.240
207.320
207.460
207.740
207.740
208.600
209.160
209.520
209.600
209.700
209.760
210.140
210.200
210.320
210.340
210.520
210.640
210.700
210.760
211.220
211.400
211.460
211.720
212.500
212.600
213.140
213.220
213.320
213.560
213.640
213.820
213.840
213.880
213.960
214.440
214.440
214.900
215.220
215.700
215.760
216.000
216.020
216.160
216.320
216.460
216.560
216.660
216.980
217.300
218.420
218.580
219.020
219.020
219.160
219.680
219.720
220.160
220.320
221.360
221.520
221.520
222.000
222.060
222.360
222.360
222.620
222.880
223.160
223.500
224.180
224.940
225.220
225.260
225.640
225.680
226.060
226.360
226.460
226.560
227.020
227.060
227.960
228.940
229.680
230.020
230.360
230.540
231.220
231.400
231.840
232.000
232.080
232.340
232.340
232.440
232.440
232.700
232.800
232.900
233.200
233.220
233.300
233.560
233.600
234.540
234.700
234.740
234.760
234.940
234.980
235.060
235.460
235.920
235.920
236.000
236.020
236.380
236.480
236.660
236.820
237.320
238.080
238.140
238.280
238.620
238.640
238.840
238.980
239.180
239.340
239.400
239.460
240.560
241.420
241.580
241.740
241.900
242.080
242.100
242.120
242.200
242.240
242.280
242.580
242.700
242.800
242.800
242.860
243.200
243.320
243.400
243.460
244.800
245.360
245.460
245.460
245.460
245.700
245.760
246.420
246.580
246.940
247.760
247.760
247.860
247.940
247.960
248.600
248.840
249.080
249.120
249.220
250.000
250.140
250.200
250.900
250.980
251.140
251.460
251.520
251.620
251.840
251.920
252.080
252.320
252.340
252.380
252.460
252.580
252.660
252.760
252.820
252.880
253.240
253.400
253.500
253.700
254.120
254.140
254.540
255.060
255.060
255.260
255.280
255.780
255.940
256.500
256.520
256.600
256.620
256.860
257.260
257.920
257.920
258.700
258.740
259.200
259.420
259.520
259.520
259.640
259.780
260.440
260.720
260.740
260.980
261.220
261.240
261.240
261.280
261.440
261.700
261.980
262.060
262.120
262.140
262.140
262.260
262.300
262.320
262.360
262.600
262.620
262.800
263.020
263.160
263.380
263.480
263.560
263.680
263.840
264.020
264.040
264.260
264.260
264.360
264.460
264.480
264.680
264.720
264.720
264.840
264.860
264.940
264.940
264.980
265.100
265.120
265.120
265.160
265.220
265.260
265.300
265.320
265.360
265.440
265.480
265.560
265.620
265.640
265.780
265.860
266.180
266.240
266.380
266.640
266.660
266.880
267.260
267.320
267.440
267.460
267.560
267.640
267.680
267.720
267.740
267.800
267.800
267.800
267.800
267.820
267.980
268.040
268.040
268.060
268.200
268.200
268.220
268.240
268.240
268.280
268.300
268.320
268.360
268.380
268.420
268.420
268.420
268.520
268.520
268.560
268.620
268.660
268.720
268.740
268.800
268.860
268.880
268.900
268.900
268.900
268.920
268.940
268.960
268.960
268.980
268.980
268.980
268.980
269.000
269.020
269.020
269.020
269.040
269.040
