69.060
69.060
69.060
69.060
69.060
69.060
69.060
69.060
69.060
69.060
69.060
69.060
69.060
69.060
69.060
69.080
69.080
69.100
69.100
69.100
69.100
69.120
69.120
69.120
69.120
69.160
69.160
69.160
69.160
69.180
69.180
69.180
69.180
69.220
69.220
69.240
69.240
69.240
69.240
69.260
69.260
69.260
69.260
69.280
69.280
69.300
69.320
69.320
69.340
69.340
69.360
69.380
69.400
69.420
69.420
69.440
69.460
69.460
69.520
69.520
69.520
69.520
69.540
69.560
69.620
69.640
69.660
69.660
69.680
69.680
69.680
69.700
69.740
69.800
69.820
69.840
69.860
69.860
69.860
69.880
69.880
69.900
69.900
69.900
69.940
69.960
69.960
70.020
70.040
70.060
70.060
70.100
70.140
70.200
70.220
70.240
70.280
70.280
70.300
70.400
70.420
70.420
70.520
70.560
70.560
70.620
70.640
70.680
70.680
70.720
70.760
70.760
70.780
70.880
70.900
70.960
70.980
70.980
71.000
71.040
71.080
71.140
71.220
71.300
71.340
71.480
71.520
71.560
71.560
71.580
71.620
71.640
71.660
71.680
71.720
71.720
71.760
71.780
71.780
71.840
71.900
71.940
71.960
71.960
71.980
72.080
72.080
72.180
72.200
72.240
72.240
72.340
72.360
72.380
72.380
72.420
72.420
72.460
72.500
72.520
72.520
72.540
72.620
72.640
72.640
72.640
72.660
72.660
72.680
72.680
72.740
72.760
72.800
72.900
72.900
72.920
72.960
72.960
72.980
73.000
73.020
73.040
73.120
73.120
73.160
73.180
73.180
73.260
73.320
73.520
73.520
73.560
73.620
73.620
73.740
73.800
73.860
73.900
73.920
73.960
73.960
74.000
74.160
74.220
74.420
74.500
74.720
74.840
75.000
75.000
75.020
75.040
75.040
75.060
75.100
75.100
75.120
75.160
75.240
75.260
75.260
75.320
75.460
75.580
75.680
75.680
75.800
75.820
75.860
75.940
75.960
76.080
76.420
76.480
76.700
76.720
76.840
76.860
76.940
77.000
77.220
77.360
77.440
77.540
77.640
77.680
77.680
77.760
77.800
77.800
77.820
77.940
77.960
78.000
78.040
78.060
78.200
78.240
78.480
78.600
78.600
78.820
78.860
78.920
78.920
78.960
79.000
79.080
79.220
79.220
79.300
79.320
79.340
79.400
79.400
79.560
79.600
79.760
79.820
80.000
80.060
80.060
80.160
80.180
80.340
80.360
80.420
80.460
80.540
80.560
80.600
80.600
80.620
80.780
80.820
80.860
80.900
81.100
81.100
81.140
81.300
81.360
81.500
81.640
81.760
81.840
81.980
82.360
82.440
82.480
82.500
82.580
82.580
82.620
82.660
82.860
82.880
82.940
82.980
83.080
83.120
83.200
83.440
83.460
83.720
83.900
83.940
83.980
84.280
84.360
84.460
84.520
84.740
84.900
84.900
84.980
84.980
85.140
85.220
85.300
85.440
85.480
85.520
85.580
85.700
85.740
85.860
85.960
86.080
86.140
86.400
86.480
86.620
86.960
87.020
87.120
87.180
87.360
87.360
87.380
87.600
87.700
87.900
87.920
87.960
87.980
88.160
88.220
88.240
88.340
88.360
88.380
88.480
88.540
88.600
88.640
88.740
88.780
88.820
88.860
88.940
89.300
89.560
89.580
89.600
89.820
89.840
89.880
89.940
90.360
90.540
90.620
90.640
90.880
91.180
91.680
91.700
91.900
92.060
92.160
92.280
92.460
92.660
92.780
93.140
93.280
93.480
93.500
93.520
93.560
93.680
93.800
93.920
94.300
94.340
94.360
94.440
94.620
94.780
94.820
95.040
95.100
95.540
95.700
95.780
95.800
95.880
95.940
96.120
96.140
96.500
96.580
96.620
96.740
96.920
96.940
96.980
97.060
97.080
97.140
97.140
97.260
97.280
97.420
97.660
97.740
97.900
97.940
98.060
98.100
98.120
98.180
98.280
98.440
98.620
98.680
98.720
98.860
98.940
99.100
99.420
99.680
100.000
100.160
100.180
100.200
100.300
100.320
100.320
100.460
100.720
100.820
100.860
100.900
101.200
101.400
101.560
101.620
101.700
101.700
101.880
101.940
102.120
102.140
102.220
102.240
102.260
102.420
102.440
102.600
102.920
102.940
103.160
103.180
103.420
103.480
103.520
103.820
103.900
103.940
104.060
104.120
104.120
104.220
104.520
104.660
104.860
104.960
105.080
105.420
105.440
105.520
105.540
105.900
106.100
106.160
106.260
106.500
106.800
107.060
107.180
107.200
107.280
107.840
108.020
108.240
108.280
108.400
108.720
108.780
109.160
109.220
109.400
109.500
109.520
109.780
110.260
110.380
110.580
110.660
110.700
110.720
110.740
110.780
110.860
110.980
111.200
111.500
111.600
111.700
111.800
112.200
112.500
112.580
113.000
113.060
113.080
113.120
113.280
113.300
113.520
113.640
113.680
113.720
113.740
114.220
114.280
114.320
114.700
114.740
114.800
114.940
115.080
115.420
115.520
115.640
115.660
115.660
115.800
115.940
115.960
115.980
116.420
116.680
116.760
117.000
117.100
117.580
117.840
117.980
118.140
118.160
118.220
118.340
118.340
118.340
118.460
118.620
118.800
118.980
118.980
119.060
119.120
119.340
119.500
119.840
120.000
120.340
120.460
120.500
120.520
120.520
120.660
120.760
121.240
121.460
121.640
121.640
121.880
122.100
122.120
122.460
122.480
122.740
123.240
123.360
123.800
123.900
123.960
124.000
124.360
124.460
124.620
124.620
124.640
124.720
124.860
124.980
124.980
125.000
125.020
125.060
125.440
125.480
125.560
126.000
126.220
126.240
126.420
126.740
126.760
127.000
127.100
127.180
127.300
127.520
127.740
127.760
127.800
127.880
127.920
128.080
128.160
128.180
128.220
128.240
128.280
128.280
128.480
129.680
129.800
129.940
130.160
130.460
130.660
130.700
130.960
131.160
131.300
131.380
131.500
131.500
131.520
131.580
131.600
131.760
131.780
131.860
131.980
132.240
132.480
132.540
132.640
132.760
133.020
133.080
133.260
133.320
133.420
133.540
133.620
133.680
133.700
133.940
134.040
134.100
134.320
134.420
134.620
134.620
134.680
134.740
134.780
134.860
134.960
135.060
135.180
135.300
135.340
135.380
135.800
135.880
135.940
136.140
136.240
136.260
136.480
136.660
136.840
137.240
137.400
137.520
137.660
137.800
137.880
138.040
138.080
138.100
138.140
138.280
138.340
138.780
138.840
139.000
139.060
139.120
139.140
139.220
139.240
139.260
139.380
139.460
139.500
139.620
139.900
140.040
140.220
140.340
140.360
140.480
140.560
140.760
140.940
141.000
141.020
141.200
141.240
141.580
141.580
141.600
141.740
141.840
141.900
142.200
142.200
142.220
142.220
142.440
142.960
143.200
143.280
143.300
143.420
143.460
143.620
143.780
144.160
144.220
144.220
144.220
144.460
144.520
144.640
144.640
144.660
144.740
144.820
144.820
144.980
145.040
145.460
145.560
145.640
145.840
146.100
146.400
146.440
146.560
146.640
146.720
146.720
146.900
146.900
146.920
146.920
146.980
147.000
147.020
147.120
147.120
147.240
147.240
147.320
147.400
147.440
147.480
147.500
147.520
147.540
147.580
147.800
147.820
148.020
148.060
148.160
148.220
148.280
148.300
148.360
148.360
148.400
148.420
149.140
149.140
149.160
149.280
149.320
149.380
149.440
149.660
149.680
149.700
149.720
149.780
149.880
149.900
149.920
149.980
149.980
150.020
150.120
150.180
150.200
150.280
150.340
150.380
150.640
150.680
150.920
151.040
151.060
151.120
151.200
151.200
151.260
151.300
151.340
151.400
151.420
151.440
151.500
151.520
151.580
151.620
151.680
151.720
151.820
151.880
151.880
151.880
151.900
151.920
151.940
152.280
152.280
152.320
152.380
152.440
152.540
152.540
152.580
152.620
152.640
152.640
152.780
152.860
152.960
153.000
153.000
153.020
153.040
153.060
153.080
153.100
153.180
153.220
153.300
153.300
153.340
153.340
153.360
153.400
153.540
153.580
153.580
153.620
153.660
153.660
153.720
153.740
153.780
153.820
153.920
153.960
154.000
154.060
154.080
154.100
154.380
154.400
154.400
154.420
154.460
154.520
154.720
154.800
154.800
154.840
154.860
154.880
154.880
154.900
154.920
154.920
154.940
155.000
155.020
155.020
155.080
155.100
155.120
155.120
155.180
155.180
155.200
155.300
155.320
155.340
155.340
155.440
155.440
155.480
155.500
155.540
155.540
155.560
155.560
155.580
155.580
155.580
155.600
155.600
155.640
155.640
155.680
155.680
155.700
155.720
155.740
155.740
155.740
155.760
155.780
155.780
155.780
155.780
155.780
155.780
155.780
155.800
