123.100
123.100
123.100
123.100
123.120
123.120
123.120
123.120
123.120
123.120
123.140
123.160
123.160
123.220
123.220
123.240
123.260
123.300
123.300
123.300
123.320
123.340
123.340
123.360
123.360
123.360
123.360
123.380
123.440
123.440
123.460
123.520
123.540
123.580
123.580
123.600
123.600
123.620
123.680
123.700
123.740
123.800
123.840
123.860
123.860
123.900
123.920
123.940
123.960
124.020
124.040
124.180
124.180
124.280
124.300
124.300
124.420
124.440
124.520
124.620
124.620
124.640
124.660
124.700
124.840
124.900
124.960
124.960
124.960
124.980
125.020
125.140
125.500
125.520
125.680
126.080
126.120
126.140
126.200
126.220
126.220
126.340
126.440
126.440
126.640
126.740
126.780
126.800
126.960
126.960
127.240
127.400
127.520
128.000
128.060
128.140
128.280
128.480
128.500
128.500
128.760
129.060
129.140
129.160
129.160
129.320
129.360
129.420
129.440
129.460
129.600
129.860
129.860
130.320
130.560
130.620
130.980
131.020
131.060
131.440
131.600
131.640
131.660
131.700
132.100
132.220
132.440
132.620
133.100
133.100
133.120
133.220
133.280
133.440
133.460
133.640
133.940
133.960
134.100
134.140
134.200
134.300
134.300
134.340
134.360
134.380
134.460
134.460
134.620
134.700
134.740
134.860
134.960
134.980
135.220
135.240
135.860
136.160
136.660
136.860
137.000
137.300
137.820
138.140
138.240
138.240
138.480
138.640
139.420
139.520
139.540
139.680
139.820
140.020
140.560
140.980
141.480
141.500
141.540
141.600
141.920
142.160
142.220
142.480
142.560
142.600
142.660
142.740
143.300
143.360
143.440
143.500
144.340
144.380
144.400
144.460
144.500
144.740
145.040
145.320
145.540
145.560
145.600
145.640
145.980
146.200
146.220
146.260
146.300
146.300
146.520
146.600
146.720
146.920
147.060
147.320
148.300
148.320
148.380
148.600
149.060
149.120
149.220
149.280
149.720
149.760
150.300
150.320
150.580
150.660
151.280
151.300
151.720
151.780
152.060
152.100
152.640
153.120
153.180
153.180
154.980
155.940
156.340
157.000
157.380
158.460
159.080
159.200
159.240
159.280
159.380
159.440
159.500
159.560
160.080
161.140
161.220
161.420
161.660
162.240
162.500
162.580
162.760
163.060
163.120
163.180
163.400
164.120
164.520
164.560
164.840
165.020
165.180
165.360
165.580
165.740
165.980
166.220
166.360
166.360
166.880
167.040
167.120
168.500
168.680
168.720
168.800
169.060
169.140
169.640
170.040
170.280
170.280
170.420
171.880
171.980
172.140
172.240
172.560
173.500
173.560
173.940
174.000
174.500
174.620
174.720
175.480
176.420
176.640
176.880
177.720
177.900
178.080
178.560
179.060
179.360
179.940
179.940
180.140
180.260
180.820
180.940
181.240
181.420
181.560
181.600
181.640
182.060
183.160
183.420
184.200
185.080
185.120
185.180
185.660
186.220
186.280
187.600
187.920
188.020
188.360
188.640
188.660
189.040
189.800
189.800
190.420
190.680
190.780
191.800
192.880
193.020
193.160
193.300
193.540
193.660
193.760
194.900
194.940
195.000
195.220
195.260
195.280
195.540
195.580
195.800
195.900
196.100
197.460
197.600
197.680
198.460
198.820
198.820
199.380
200.100
200.360
201.540
202.080
202.320
204.360
204.760
204.780
205.560
206.740
206.780
206.940
207.620
207.740
208.200
209.620
209.640
209.740
209.940
210.120
210.160
210.820
210.900
211.220
211.320
211.760
212.260
212.840
213.340
213.860
213.880
214.140
214.480
215.840
216.000
216.160
216.720
216.900
217.700
217.820
218.440
220.680
221.020
221.200
221.860
222.260
222.620
222.980
223.160
224.700
225.120
225.120
225.220
225.280
225.560
226.260
227.140
227.840
228.280
228.880
229.160
229.880
231.120
231.280
232.140
232.400
233.400
235.200
236.400
236.560
237.300
238.040
238.080
238.700
238.940
239.200
239.640
240.060
241.060
241.160
241.460
242.020
242.300
243.740
243.960
245.020
245.140
245.660
247.300
247.520
248.060
248.100
248.520
249.180
249.340
249.480
249.860
249.960
250.120
250.760
251.040
251.960
252.500
252.500
252.760
253.340
253.440
254.680
255.400
256.720
258.120
258.800
259.260
259.400
259.960
262.020
262.660
262.960
264.080
264.300
264.520
265.020
265.200
265.280
265.520
266.020
266.060
266.400
267.380
267.680
267.740
268.120
268.420
268.640
268.960
269.520
269.700
271.100
271.360
271.520
272.880
273.500
274.140
274.360
275.040
275.400
275.680
275.780
275.800
276.100
277.960
278.320
278.440
278.860
279.200
279.420
279.460
279.600
280.440
280.940
281.260
281.600
281.680
281.740
282.540
282.640
283.140
283.220
283.560
283.940
284.560
284.940
285.000
285.040
286.100
286.280
287.340
287.800
288.760
289.520
290.460
291.560
291.560
292.420
292.520
292.560
292.600
292.700
293.720
293.900
294.320
294.500
294.640
295.320
295.680
295.700
295.820
296.380
298.980
299.140
299.260
299.400
299.600
300.240
300.860
301.240
301.860
302.400
302.620
303.060
303.740
304.380
305.140
305.780
306.900
307.180
307.680
307.720
309.220
309.780
310.240
311.540
311.880
311.940
312.620
312.840
313.360
313.900
313.960
314.940
315.120
315.580
316.340
316.640
317.500
319.480
319.840
319.940
321.000
321.320
321.800
321.900
322.600
324.440
324.800
325.380
325.480
325.660
326.780
326.980
327.200
327.280
327.800
328.200
328.500
328.660
328.920
328.940
330.000
330.100
330.160
330.400
330.480
331.140
331.160
332.080
332.300
333.220
334.400
335.200
335.700
335.860
336.120
336.380
336.960
337.220
338.200
338.860
338.920
339.340
342.620
343.120
343.200
343.600
343.700
343.920
344.160
344.460
344.600
344.720
345.040
345.740
345.760
345.980
347.620
347.960
348.300
349.080
349.160
350.240
350.520
352.260
352.900
353.000
353.260
353.300
353.620
354.060
354.400
355.400
356.640
356.800
357.220
357.700
358.280
358.360
358.440
358.480
358.500
360.840
361.180
362.020
362.860
363.240
364.480
364.540
365.040
365.620
367.220
367.360
368.400
369.560
370.200
371.180
372.940
372.940
372.960
373.300
373.760
374.840
374.860
376.100
376.500
377.600
377.640
379.000
379.220
379.440
379.920
380.000
380.800
381.300
382.680
382.840
382.880
383.400
383.520
383.700
384.380
384.720
385.160
385.660
386.400
386.580
386.620
386.880
387.240
387.860
388.140
388.240
388.600
388.800
388.940
390.120
390.840
391.040
391.520
391.920
392.900
393.160
393.380
393.600
393.640
394.080
394.220
395.080
395.160
395.500
397.080
397.960
398.100
398.460
399.440
400.980
401.060
401.700
402.900
403.760
403.760
404.500
405.080
405.260
405.280
405.500
406.800
407.460
408.040
408.120
408.220
409.040
409.100
409.160
409.420
410.380
410.940
411.120
411.140
411.660
411.680
413.160
413.980
414.780
415.000
415.180
415.600
416.380
417.060
417.180
417.540
418.260
418.720
418.860
418.920
419.100
421.720
422.000
422.520
422.720
422.960
423.220
423.540
424.000
424.160
424.440
424.500
424.880
425.400
425.540
425.800
426.280
426.340
426.400
426.620
426.620
426.760
426.900
427.200
427.500
427.720
427.920
428.580
428.720
428.900
429.080
429.340
429.400
429.420
429.540
430.080
430.420
430.580
431.340
431.520
431.520
432.120
432.200
432.380
433.540
433.720
433.860
433.980
434.060
434.280
434.560
434.580
434.840
434.980
435.220
435.420
436.520
436.680
436.780
436.900
437.360
437.440
437.540
437.580
437.900
437.960
438.600
438.740
438.860
438.940
439.000
439.040
439.240
439.320
439.540
439.760
440.000
440.060
440.260
440.460
440.620
440.840
441.080
441.100
441.240
441.260
441.380
441.680
441.780
442.060
442.140
442.460
442.540
442.680
443.060
443.360
443.520
443.600
443.620
443.880
444.280
444.420
444.940
444.980
445.000
445.020
445.100
445.240
445.340
445.500
445.540
445.700
445.880
445.900
445.960
446.000
446.060
446.120
446.360
446.360
446.420
446.520
446.560
446.660
446.740
446.740
446.980
447.160
447.200
447.360
447.360
447.460
447.500
447.500
447.580
447.640
447.660
447.700
447.740
447.760
447.780
447.840
447.840
448.000
448.100
448.140
448.220
448.260
448.300
448.320
448.460
448.580
448.640
448.700
448.860
449.000
449.000
449.040
449.100
449.300
449.360
449.480
449.520
449.540
449.560
449.560
449.580
449.620
449.620
449.640
449.640
449.660
449.660
449.660
449.680
449.740
449.740
449.760
449.780
449.780
449.800
449.800
449.820
449.860
449.860
449.880
449.880
449.880
449.900
449.900
449.900
449.900
