209.300
209.300
209.300
209.300
209.300
209.300
209.300
209.320
209.320
209.320
209.320
209.320
209.320
209.320
209.340
209.340
209.340
209.340
209.340
209.340
209.360
209.360
209.380
209.400
209.420
209.420
209.440
209.440
209.460
209.460
209.460
209.480
209.520
209.520
209.520
209.540
209.540
209.540
209.560
209.560
209.560
209.600
209.660
209.660
209.660
209.680
209.680
209.680
209.700
209.700
209.720
209.720
209.780
209.800
209.860
209.920
209.980
210.020
210.020
210.020
210.040
210.120
210.120
210.120
210.140
210.140
210.200
210.220
210.320
210.340
210.420
210.420
210.440
210.460
210.460
210.480
210.480
210.500
210.680
210.680
210.720
210.740
210.740
210.740
210.760
210.780
210.780
210.880
210.940
210.960
211.080
211.260
211.320
211.420
211.460
211.480
211.500
211.520
211.560
211.660
211.700
211.700
211.740
211.820
211.820
211.900
212.040
212.120
212.160
212.180
212.240
212.300
212.320
212.460
212.460
212.480
212.640
212.640
212.660
212.720
212.820
212.920
212.960
213.040
213.100
213.120
213.120
213.140
213.160
213.200
213.540
213.580
213.660
213.660
213.700
213.700
213.740
213.780
213.840
214.080
214.080
214.100
214.120
214.260
214.280
214.320
214.360
214.460
214.500
214.500
214.500
214.500
214.540
214.580
214.620
214.640
214.880
214.880
215.020
215.120
215.120
215.160
215.200
215.240
215.360
215.520
215.600
215.660
215.780
215.780
215.820
215.840
215.920
215.960
215.980
216.000
216.100
216.120
216.140
216.200
216.220
216.340
216.460
216.540
216.540
216.560
216.560
216.560
216.600
216.620
216.720
216.720
216.760
216.760
216.960
216.960
217.180
217.220
217.240
217.320
217.360
217.420
217.460
217.520
217.600
217.660
217.800
217.800
217.880
217.920
217.940
218.020
218.160
218.160
218.240
218.260
218.360
218.380
218.420
218.500
218.500
218.520
218.520
218.600
218.700
218.780
218.840
218.860
219.020
219.060
219.080
219.180
219.260
219.380
219.500
219.560
219.580
219.680
219.740
219.780
219.840
219.940
220.040
220.040
220.220
220.300
220.420
220.540
220.680
220.700
220.740
220.800
220.940
221.000
221.020
221.120
221.140
221.320
221.320
221.340
221.380
221.400
221.600
221.620
221.760
221.820
221.860
221.900
221.940
222.000
222.040
222.100
222.100
222.120
222.160
222.300
222.360
222.380
222.440
222.460
222.460
222.520
222.620
222.760
222.840
223.140
223.180
223.180
223.320
223.360
223.380
223.400
223.460
223.540
223.680
223.740
223.760
223.780
223.800
223.840
223.880
224.120
224.200
224.220
224.420
224.480
224.580
224.800
224.840
225.060
225.060
225.100
225.200
225.200
225.320
225.340
225.360
225.360
225.360
225.420
225.500
225.540
225.580
225.640
225.960
226.540
226.600
226.680
226.920
226.980
227.100
227.440
227.460
227.500
227.780
227.860
228.020
228.080
228.120
228.140
228.180
228.240
228.260
228.520
228.620
228.680
228.760
228.980
229.000
229.080
229.240
229.320
229.380
229.480
229.880
229.960
230.160
230.300
230.560
230.780
230.900
230.920
230.940
231.180
231.220
231.380
231.560
231.580
231.760
231.760
231.940
231.980
232.040
232.080
232.100
232.580
232.700
233.300
233.300
233.400
233.480
233.520
233.620
233.640
233.740
233.920
234.100
234.260
234.460
235.060
235.080
235.120
235.180
235.400
235.540
235.580
235.600
235.680
235.860
235.980
236.040
236.100
236.240
236.240
236.580
236.620
236.800
236.820
236.900
236.900
236.960
236.980
237.800
237.840
237.840
237.860
238.040
238.060
238.140
238.420
238.480
238.620
238.860
239.000
239.040
239.140
239.180
239.280
239.300
239.300
239.300
239.360
239.360
239.380
239.420
239.520
239.680
239.720
239.920
239.940
240.020
240.420
240.500
240.500
240.760
240.960
241.040
241.080
241.120
241.180
241.320
241.340
241.520
241.660
241.700
241.800
241.980
242.480
242.540
242.620
243.060
243.240
243.540
243.640
243.720
243.780
243.840
243.860
243.960
244.100
244.460
244.480
244.580
244.580
244.660
245.020
245.140
245.220
245.240
245.360
245.400
245.900
246.020
246.060
246.080
246.100
246.240
246.320
246.380
246.740
246.920
247.100
247.440
247.620
247.700
247.700
247.720
247.860
247.880
247.980
248.040
248.240
248.280
248.420
248.520
248.720
248.800
248.940
249.100
249.280
249.500
249.600
249.900
249.960
250.320
250.460
250.520
250.620
250.680
251.000
251.040
251.220
251.240
251.260
251.320
251.340
251.420
251.640
252.100
252.120
252.180
252.240
252.340
252.460
252.600
252.760
252.800
253.140
253.200
253.200
253.480
253.640
253.680
253.700
253.840
253.940
254.000
254.080
254.180
254.460
254.520
254.720
254.860
254.900
255.220
255.720
255.880
255.940
255.940
255.960
256.220
256.380
256.640
256.720
256.820
256.900
257.120
257.140
257.220
257.240
257.440
257.480
257.560
257.980
258.140
258.260
258.280
258.540
258.680
258.920
259.020
259.120
259.140
259.140
259.160
259.260
259.340
259.340
259.520
259.520
259.600
259.740
259.780
260.520
260.900
260.940
260.980
260.980
261.080
261.240
261.300
261.420
261.500
261.540
261.660
261.740
261.760
262.000
262.060
262.200
262.220
262.240
262.280
262.480
262.540
262.700
262.860
262.920
263.140
263.480
263.580
263.780
263.800
263.820
263.960
263.960
264.260
264.560
264.600
264.760
264.840
264.980
265.240
265.260
265.520
265.640
265.860
265.980
266.100
266.180
266.420
266.600
266.800
267.140
267.240
267.680
267.820
268.000
268.060
268.080
268.100
268.220
268.240
268.400
268.520
268.540
268.660
268.680
268.700
268.820
268.900
269.080
269.200
269.280
269.380
269.560
269.780
270.260
270.580
270.760
270.840
270.940
270.980
271.160
271.400
271.480
271.540
271.820
271.980
272.020
272.060
272.060
272.200
272.280
272.280
272.300
272.360
272.420
272.440
272.500
272.720
273.040
273.120
273.180
273.200
273.240
273.300
273.540
273.800
273.940
273.960
274.100
274.160
274.160
274.200
274.240
274.360
274.380
274.560
274.620
274.620
274.720
274.740
274.760
274.880
275.040
275.120
275.140
275.240
275.380
275.520
275.540
275.540
275.720
275.740
275.760
275.760
275.880
275.900
275.960
276.000
276.020
276.160
276.160
276.280
276.420
276.520
276.560
276.580
276.760
276.900
277.160
277.180
277.180
277.300
277.320
277.460
277.560
277.700
277.760
277.860
278.100
278.120
278.220
278.320
278.440
278.580
278.660
278.760
278.880
278.880
279.000
279.020
279.060
279.160
279.220
279.280
279.360
279.480
279.480
279.560
279.580
279.640
279.720
279.720
279.780
279.800
279.880
280.140
280.420
280.820
280.840
280.840
280.860
281.000
281.120
281.240
281.260
281.400
281.420
281.500
281.600
281.680
281.700
281.700
281.740
281.760
281.800
281.800
282.000
282.060
282.260
282.280
282.320
282.480
282.580
282.600
282.800
283.020
283.060
283.120
283.200
283.300
283.380
283.440
283.440
283.520
283.660
283.660
283.700
283.720
283.760
283.880
283.980
284.000
284.120
284.160
284.220
284.320
284.320
284.340
284.380
284.460
284.480
284.620
284.660
284.660
284.760
284.800
284.820
284.840
284.900
285.180
285.200
285.220
285.280
285.320
285.320
285.320
285.380
285.400
285.420
285.420
285.420
285.480
285.480
285.500
285.520
285.560
285.620
285.640
285.640
285.680
285.780
285.860
285.920
286.040
286.140
286.160
286.280
286.300
286.320
286.340
286.500
286.500
286.540
286.700
286.760
286.760
286.820
286.840
286.880
286.900
286.940
287.020
287.020
287.100
287.120
287.140
287.200
287.200
287.220
287.220
287.260
287.300
287.340
287.340
287.340
287.360
287.360
287.480
287.500
287.520
287.540
287.580
287.640
287.640
287.660
287.700
287.700
287.720
287.740
287.860
287.920
287.940
287.940
287.960
287.960
287.960
288.020
288.040
288.100
288.180
288.220
288.240
288.260
288.260
288.260
288.280
288.300
288.320
288.420
288.440
288.460
288.460
288.560
288.620
288.620
288.660
288.740
288.740
288.780
288.780
288.800
288.800
288.800
288.800
288.800
288.820
288.820
288.840
288.860
288.880
288.900
288.900
288.940
289.000
289.040
289.080
289.100
289.140
289.160
289.160
289.160
289.180
289.200
289.200
289.200
289.220
289.240
289.280
289.280
289.280
289.280
289.280
289.300
289.300
289.300
289.320
289.320
289.320
289.320
289.340
289.340
289.340
289.360
289.360
289.360
289.360
289.360
289.380
289.380
289.380
289.380
289.380
289.380
289.380
289.380
289.380
289.380
