176.320
176.340
176.340
176.340
176.340
176.360
176.360
176.380
176.380
176.400
176.400
176.400
176.440
176.480
176.500
176.520
176.560
176.560
176.580
176.580
176.600
176.600
176.640
176.640
176.640
176.680
176.740
176.780
176.780
176.880
176.880
176.880
176.900
176.900
176.920
176.940
176.940
176.940
176.960
176.980
177.060
177.120
177.160
177.240
177.360
177.400
177.460
177.460
177.580
177.580
177.620
177.900
178.020
178.100
178.140
178.200
178.220
178.420
178.440
178.460
178.480
178.760
178.780
178.820
178.880
178.900
178.920
179.020
179.160
179.200
179.240
179.260
179.300
179.500
179.560
179.680
179.680
179.700
179.720
179.920
179.940
179.960
180.020
180.040
180.060
180.080
180.120
180.200
180.220
180.260
180.260
180.260
180.280
180.360
180.420
180.460
180.500
180.700
180.720
180.960
181.000
181.240
181.260
181.280
181.300
181.340
181.400
181.660
181.720
181.960
181.960
182.200
182.220
182.360
182.460
182.560
182.780
183.060
183.300
183.300
183.340
183.440
183.480
183.480
183.580
183.600
183.640
183.660
183.680
183.720
183.780
183.800
183.840
183.900
183.940
184.320
184.460
184.520
184.600
184.640
184.640
184.680
184.740
185.240
185.320
185.480
185.740
185.860
185.980
186.020
186.200
186.200
186.460
186.460
186.620
186.740
186.740
186.960
187.160
187.820
187.940
187.940
188.100
188.140
188.340
188.500
188.600
188.760
188.920
189.220
189.460
189.520
189.640
189.920
189.980
190.020
190.240
190.260
190.380
190.400
190.400
190.400
190.440
190.440
190.480
190.520
190.540
190.560
190.580
190.620
190.780
190.800
190.960
190.960
191.080
191.100
191.260
191.320
191.700
191.800
191.800
191.820
191.860
191.860
192.040
192.320
192.380
192.400
192.440
192.440
192.460
192.680
193.080
193.080
193.100
193.140
193.160
193.260
193.500
193.500
193.540
193.580
193.600
193.600
193.640
193.740
193.840
193.900
194.000
194.080
194.240
194.320
194.720
194.740
194.820
195.140
195.240
195.280
195.560
195.700
196.220
196.280
196.340
196.360
196.840
196.960
197.220
197.280
197.280
197.560
197.620
198.080
198.160
198.300
198.660
198.680
198.740
199.040
199.060
199.060
199.260
199.340
199.740
199.760
200.120
200.220
200.220
200.300
201.080
201.180
201.640
201.680
201.960
202.060
202.380
202.660
202.940
203.000
203.140
203.140
203.200
203.220
203.300
203.420
203.420
203.620
204.020
204.200
204.220
204.280
204.300
204.480
204.480
204.640
204.720
205.020
205.220
205.340
205.400
205.640
205.660
205.720
205.760
205.820
205.900
206.000
206.180
206.760
207.220
207.880
207.900
207.920
208.380
208.500
208.860
209.000
209.340
209.360
209.400
209.600
209.920
210.400
210.680
210.900
211.140
211.440
211.580
211.620
211.700
212.080
212.100
212.320
212.360
212.440
212.900
212.960
213.020
213.040
213.180
213.240
213.500
213.840
213.880
214.140
214.560
214.740
214.940
215.120
215.160
215.280
215.440
215.480
215.500
215.660
216.200
216.320
216.420
216.440
216.540
216.580
217.160
217.200
217.680
217.780
218.020
218.440
218.720
218.720
218.740
219.080
219.080
219.140
219.140
219.200
219.640
219.800
220.280
220.360
220.400
220.460
220.740
220.900
220.920
221.000
221.100
221.420
221.680
221.780
221.880
222.280
222.500
222.820
222.960
223.260
223.340
223.420
224.440
224.460
224.640
225.300
225.320
225.460
225.460
226.020
226.220
226.260
226.260
226.280
227.600
227.620
227.820
227.840
227.880
227.920
228.640
228.900
229.400
229.540
229.560
230.160
230.260
230.340
230.480
231.020
231.260
231.540
231.720
231.720
231.800
231.820
232.260
232.440
232.660
232.820
233.280
233.880
234.000
234.460
234.880
235.640
235.680
235.680
235.740
235.780
235.800
235.840
236.220
236.220
236.480
236.520
237.080
237.320
237.320
237.440
237.600
238.040
238.380
238.440
238.460
238.620
238.820
239.220
239.620
239.620
239.920
240.500
240.660
240.700
240.760
240.760
241.400
241.420
241.460
241.940
242.060
242.240
242.240
242.400
242.920
243.080
243.880
244.120
244.180
244.340
244.420
244.580
244.680
244.740
244.960
245.740
246.100
246.420
246.720
246.940
247.300
247.820
247.980
248.180
248.960
249.440
249.720
250.040
250.200
250.260
250.720
250.740
250.780
250.840
251.000
251.740
251.920
252.920
253.380
253.420
253.540
253.880
254.340
254.620
254.700
255.280
255.460
255.680
256.360
256.680
256.860
257.080
257.540
257.600
257.620
257.680
257.680
257.780
259.120
259.520
259.560
260.660
261.200
262.040
262.240
262.560
262.680
262.740
262.780
262.840
262.980
263.140
263.160
263.540
264.020
264.140
264.600
265.300
265.400
266.000
266.060
266.100
266.480
266.500
267.040
267.140
267.760
268.000
268.200
268.640
268.660
268.700
268.780
268.980
269.080
269.620
270.440
270.480
270.540
270.560
270.800
270.800
270.840
270.900
270.900
270.920
271.180
271.840
271.960
272.100
272.120
272.620
272.860
272.920
273.120
273.220
273.280
273.700
273.720
274.120
274.280
274.600
274.960
275.140
275.260
275.360
275.580
275.760
275.780
275.980
276.040
276.760
276.840
276.900
277.160
277.400
277.520
277.540
277.880
277.920
278.520
278.600
278.920
279.120
279.240
279.640
279.840
280.260
280.460
280.560
280.640
280.680
280.760
280.760
280.820
281.920
282.020
282.320
282.840
283.140
283.400
283.680
283.720
283.760
284.420
284.500
284.540
285.560
285.840
286.780
286.840
287.460
287.500
288.060
288.080
288.140
288.540
288.580
288.700
288.860
288.900
288.920
288.940
289.300
289.840
289.900
290.720
290.840
290.980
290.980
291.160
291.180
291.200
291.560
291.620
291.720
292.100
292.100
292.320
292.720
292.980
293.280
293.300
293.360
293.380
293.380
293.860
294.240
294.300
294.420
294.680
294.700
295.020
295.140
295.400
295.400
295.700
296.860
296.940
297.720
297.860
298.380
298.520
298.680
298.900
299.200
299.540
299.980
300.200
300.360
300.380
300.560
301.480
301.960
301.980
302.160
303.320
303.320
303.560
303.680
304.120
304.580
304.660
304.720
304.860
305.240
305.240
305.280
305.380
305.560
305.600
305.720
306.040
306.060
306.160
306.620
307.140
307.300
307.320
307.480
307.620
307.640
307.980
308.180
308.300
308.420
308.860
308.940
309.020
309.160
309.160
309.940
310.120
310.840
311.080
311.080
311.220
311.380
311.600
312.500
312.560
312.860
312.860
312.940
312.960
312.980
313.060
313.180
313.200
313.240
313.420
313.540
313.720
313.860
313.960
314.020
314.080
314.460
314.560
314.580
314.960
315.020
315.180
315.520
315.540
315.980
316.280
316.320
316.360
316.480
316.720
316.920
317.440
318.120
318.360
318.760
318.800
318.960
318.980
319.000
319.040
319.260
319.740
319.740
320.000
320.040
320.200
320.420
320.420
320.560
320.680
320.720
320.780
320.960
321.060
321.060
321.260
321.560
321.740
321.740
321.780
322.060
322.220
322.520
322.780
322.900
323.140
323.140
323.220
323.520
323.560
323.580
323.840
324.080
324.180
324.280
324.400
324.420
324.440
324.480
324.680
324.940
325.220
325.320
325.400
325.420
325.660
325.780
325.800
325.960
326.000
326.140
326.560
326.640
326.780
326.800
326.980
327.220
327.280
327.340
327.540
327.640
327.700
327.760
327.840
327.880
328.320
328.360
328.380
328.440
328.620
328.660
328.660
328.700
328.900
329.040
329.080
329.240
329.460
329.500
329.580
329.680
329.700
329.880
329.900
329.920
329.920
330.000
330.080
330.220
330.240
330.300
330.420
330.460
330.480
330.560
330.700
331.180
331.340
331.340
331.460
331.540
331.540
331.940
332.220
332.560
332.660
332.680
332.760
332.780
332.800
332.900
332.900
333.060
333.140
333.140
333.140
333.260
333.300
333.340
333.440
333.500
333.580
333.780
333.820
334.000
334.120
334.580
334.740
334.940
335.040
335.100
335.140
335.240
335.260
335.420
335.440
335.520
335.540
335.560
335.560
335.560
335.640
335.700
335.740
335.800
335.860
335.880
335.920
335.940
336.040
336.200
336.260
336.260
336.360
336.400
336.400
336.460
336.500
336.540
336.560
336.580
336.600
336.680
336.680
336.700
336.700
336.720
336.720
336.760
336.760
336.780
336.800
336.800
336.800
336.800
336.820
336.820
336.860
336.860
336.880
336.900
336.940
336.980
336.980
336.980
337.000
337.020
337.040
337.060
337.080
337.100
337.100
337.120
337.140
337.140
337.180
337.180
337.180
337.180
337.180
337.180
337.180
337.180
337.180
337.180
