84.900
84.900
84.900
84.900
84.900
84.900
84.900
84.900
84.900
84.900
84.900
84.900
84.920
84.920
84.920
84.920
84.920
84.920
84.920
84.940
84.940
84.940
84.940
84.940
84.940
84.940
84.940
84.940
84.960
84.960
84.960
84.960
84.960
84.960
84.980
84.980
84.980
84.980
85.000
85.000
85.020
85.040
85.040
85.060
85.060
85.080
85.080
85.080
85.080
85.100
85.100
85.120
85.140
85.140
85.160
85.160
85.160
85.180
85.180
85.180
85.180
85.200
85.200
85.220
85.220
85.240
85.240
85.240
85.260
85.280
85.320
85.320
85.340
85.340
85.340
85.340
85.360
85.360
85.380
85.380
85.380
85.420
85.420
85.440
85.460
85.460
85.460
85.480
85.500
85.520
85.540
85.540
85.540
85.540
85.560
85.600
85.600
85.620
85.620
85.640
85.660
85.660
85.660
85.700
85.720
85.740
85.740
85.740
85.760
85.780
85.840
85.860
85.900
85.900
85.920
85.980
85.980
86.000
86.020
86.020
86.020
86.040
86.040
86.080
86.080
86.100
86.100
86.120
86.120
86.120
86.140
86.180
86.180
86.220
86.240
86.260
86.260
86.260
86.260
86.320
86.340
86.360
86.380
86.380
86.400
86.400
86.400
86.400
86.420
86.420
86.420
86.440
86.440
86.480
86.500
86.500
86.520
86.580
86.580
86.600
86.600
86.620
86.620
86.640
86.640
86.680
86.680
86.680
86.700
86.720
86.740
86.760
86.780
86.820
86.880
86.920
86.920
86.920
86.940
86.940
86.940
86.960
86.980
86.980
87.060
87.060
87.100
87.120
87.120
87.120
87.140
87.160
87.160
87.180
87.180
87.180
87.240
87.240
87.260
87.280
87.320
87.360
87.440
87.460
87.460
87.500
87.520
87.520
87.520
87.580
87.580
87.600
87.640
87.640
87.640
87.680
87.700
87.740
87.780
87.800
87.940
87.960
87.980
87.980
88.000
88.000
88.000
88.000
88.040
88.060
88.080
88.080
88.180
88.180
88.360
88.360
88.400
88.480
88.480
88.500
88.500
88.520
88.580
88.600
88.620
88.660
88.660
88.660
88.680
88.680
88.700
88.740
88.780
88.800
88.820
88.900
88.980
89.000
89.020
89.020
89.140
89.260
89.260
89.280
89.380
89.380
89.520
89.580
89.580
89.620
89.620
89.620
89.680
89.720
89.720
89.820
89.820
89.880
89.880
89.940
90.000
90.000
90.040
90.160
90.180
90.260
90.260
90.320
90.400
90.420
90.420
90.440
90.500
90.520
90.540
90.560
90.600
90.660
90.700
90.720
90.760
90.820
90.880
90.940
90.960
90.960
90.980
91.080
91.300
91.320
91.380
91.400
91.420
91.460
91.460
91.620
91.660
91.680
91.680
91.860
91.900
91.920
92.020
92.040
92.060
92.140
92.200
92.260
92.260
92.300
92.380
92.480
92.520
92.540
92.580
92.600
92.620
92.640
92.720
92.740
92.780
92.800
92.820
92.840
92.860
92.940
92.960
92.980
93.080
93.140
93.140
93.180
93.220
93.260
93.280
93.320
93.320
93.340
93.340
93.420
93.420
93.440
93.480
93.500
93.560
93.660
93.680
93.700
93.740
93.800
93.860
93.940
93.980
94.060
94.080
94.220
94.260
94.400
94.440
94.520
94.580
94.620
94.620
94.700
94.780
94.780
94.840
94.960
95.000
95.140
95.160
95.180
95.200
95.240
95.280
95.440
95.560
95.640
95.740
95.740
95.780
95.860
95.880
95.900
95.920
95.980
95.980
96.020
96.040
96.060
96.080
96.140
96.140
96.180
96.340
96.380
96.400
96.400
96.420
96.440
96.500
96.560
96.560
96.580
96.620
96.660
96.680
96.680
96.800
96.820
96.840
96.920
97.000
97.060
97.060
97.240
97.260
97.600
97.660
97.800
97.820
97.980
98.120
98.180
98.220
98.260
98.260
98.300
98.400
98.600
98.700
98.700
98.700
98.720
98.720
98.800
98.840
98.860
98.880
98.940
98.940
98.960
98.960
98.960
99.020
99.060
99.120
99.160
99.200
99.340
99.400
99.560
99.620
99.660
99.680
99.740
99.800
99.840
99.860
99.920
100.040
100.040
100.080
100.120
100.280
100.360
100.360
100.400
100.400
100.540
100.560
100.640
100.820
100.840
100.920
100.980
100.980
101.100
101.160
101.280
101.360
101.360
101.400
101.440
101.440
101.500
101.540
101.600
101.680
101.740
101.800
101.820
101.840
101.880
101.940
102.060
102.140
102.180
102.180
102.180
102.220
102.420
102.420
102.460
102.480
102.500
102.540
102.560
102.600
102.740
102.760
102.800
102.860
102.900
103.100
103.160
103.280
103.400
103.460
103.520
103.620
103.660
103.680
103.720
103.840
103.860
103.940
104.080
104.080
104.160
104.180
104.220
104.300
104.340
104.360
104.400
104.440
104.480
104.540
104.560
104.580
104.580
104.640
104.640
104.660
104.780
104.800
104.800
104.840
104.920
105.020
105.040
105.060
105.180
105.280
105.480
105.500
105.540
105.720
105.740
105.780
105.780
105.780
105.780
105.840
105.840
105.940
105.960
105.980
106.060
106.120
106.160
106.260
106.300
106.340
106.340
106.400
106.460
106.500
106.560
106.640
106.700
106.760
106.780
106.820
106.820
106.880
106.880
106.940
106.960
107.040
107.060
107.060
107.120
107.220
107.260
107.260
107.300
107.320
107.340
107.340
107.440
107.480
107.520
107.520
107.520
107.520
107.580
107.640
107.680
107.680
107.680
107.700
107.760
107.880
107.900
107.920
107.920
108.000
108.140
108.160
108.160
108.220
108.280
108.280
108.420
108.440
108.440
108.580
108.640
108.640
108.800
108.820
108.840
108.900
108.900
108.920
108.940
108.960
108.980
108.980
109.080
109.140
109.180
109.180
109.220
109.240
109.320
109.320
109.440
109.460
109.480
109.480
109.520
109.520
109.520
109.660
109.680
109.680
109.780
109.840
109.900
109.960
110.060
110.080
110.220
110.360
110.380
110.420
110.420
110.480
110.840
110.860
110.900
110.960
111.020
111.060
111.140
111.140
111.140
111.240
111.280
111.300
111.320
111.320
111.420
111.440
111.440
111.560
111.640
111.660
111.700
111.740
111.800
111.860
111.940
111.940
111.940
111.960
111.980
112.000
112.020
112.080
112.080
112.140
112.160
112.180
112.240
112.260
112.280
112.340
112.360
112.380
112.400
112.420
112.420
112.480
112.480
112.520
112.520
112.540
112.560
112.560
112.600
112.600
112.620
112.620
112.640
112.640
112.660
112.680
112.700
112.720
112.720
112.760
112.800
112.820
112.840
112.860
112.880
112.920
112.940
112.940
112.960
112.960
112.980
113.020
113.040
113.060
113.100
113.100
113.120
113.140
113.180
113.200
113.240
113.280
113.320
113.320
113.340
113.380
113.420
113.440
113.480
113.480
113.500
113.520
113.520
113.540
113.560
113.560
113.600
113.600
113.600
113.620
113.640
113.640
113.660
113.700
113.740
113.760
113.780
113.800
113.840
113.900
113.920
113.980
114.080
114.120
114.160
114.220
114.260
114.280
114.300
114.320
114.340
114.380
114.380
114.380
114.400
114.420
114.540
114.560
114.560
114.580
114.600
114.620
114.660
114.660
114.700
114.760
114.760
114.760
114.780
114.780
114.780
114.780
114.840
114.840
114.860
114.940
114.940
114.940
114.980
115.020
115.020
115.080
115.080
115.120
115.120
115.140
115.180
115.180
115.200
115.200
115.240
115.280
115.320
115.360
115.400
115.480
115.480
115.560
115.560
115.580
115.580
115.580
115.600
115.640
115.700
115.700
115.740
115.760
115.780
115.820
115.840
115.840
115.880
115.900
115.900
115.960
115.960
115.980
116.020
116.080
116.080
116.080
116.100
116.100
116.160
116.180
116.180
116.220
116.220
116.260
116.260
116.260
116.320
116.320
116.340
116.360
116.380
116.460
116.480
116.500
116.500
116.560
116.580
116.600
116.640
116.640
116.640
116.680
116.700
116.720
116.740
116.740
116.760
116.800
116.800
116.860
116.860
116.860
116.880
116.880
116.880
116.900
116.900
116.920
116.920
116.920
116.940
116.960
116.960
116.960
116.980
117.000
117.000
117.020
117.040
117.040
117.040
117.080
117.080
117.080
117.100
117.100
117.100
117.100
117.120
117.120
117.120
117.140
117.140
117.140
117.140
117.140
117.160
117.160
117.160
117.160
117.180
117.180
117.180
117.200
117.200
117.220
117.220
117.220
117.220
117.240
117.240
117.240
117.240
117.240
117.260
117.260
117.260
117.260
117.260
117.260
117.260
117.260
117.280
117.280
117.280
117.280
117.280
117.280
117.280
117.280
117.280
117.280
117.300
117.300
117.300
117.300
117.300
117.300
117.320
