22.5000000000
22.4999900000
22.5000100000
22.4999800000
22.4999300000
22.4999300000
22.4999300000
22.4999300000
22.4999300000
22.4999300000
22.4999300000
22.4998900000
22.4998900000
22.4998900000
22.4998900000
22.4998900000
22.4998900000
22.4998900000
22.4998900000
22.4998900000
22.4998900000
22.4998100000
22.4998100000
22.4998100000
22.4998100000
22.4998100000
22.4996900000
22.4995300000
22.4993400000
22.4991000000
22.4988300000
22.4985200000
22.4981800000
22.4978300000
22.4974500000
22.4970900000
22.4967300000
22.4963900000
22.4960700000
22.4957700000
22.4955100000
22.4952500000
22.4950100000
22.4948000000
22.4945800000
22.4943900000
22.4942000000
22.4940300000
22.4938600000
22.4937100000
22.4935600000
22.4934300000
22.4933000000
22.4931900000
22.4930900000
22.4929800000
22.4929000000
22.4928100000
22.4927400000
22.4926800000
22.4926100000
22.4925400000
22.4924900000
22.4924300000
22.4923800000
22.4923200000
22.4922500000
22.4921700000
22.4921000000
22.4920100000
22.4919300000
22.4918200000
22.4917100000
22.4916000000
22.4914900000
22.4913500000
22.4912100000
22.4910700000
22.4909200000
22.4907700000
22.4906000000
22.4904300000
22.4902500000
22.4900700000
22.4898800000
22.4897000000
22.4895100000
22.4893000000
22.4890900000
22.4888800000
22.4886600000
22.4884400000
22.4882200000
22.4880000000
22.4877700000
22.4875400000
22.4873100000
22.4870800000
22.4868500000
22.4866300000
22.4864000000
22.4861600000
22.4859200000
22.4857000000
22.4854800000
22.4852600000
22.4850400000
22.4848200000
22.4846000000
22.4843800000
22.4841500000
22.4839300000
22.4837100000
22.4834900000
22.4832700000
22.4830500000
22.4828300000
22.4826000000
22.4823800000
22.4821600000
22.4819400000
22.4817100000
22.4814800000
22.4812500000
22.4810300000
22.4808000000
22.4805700000
22.4803400000
22.4801100000
22.4798700000
22.4796400000
22.4794000000
22.4791600000
22.4789300000
22.4786900000
22.4784500000
22.4782000000
22.4779600000
22.4777100000
22.4774700000
22.4772300000
22.4769800000
22.4767300000
22.4764800000
22.4762300000
22.4759800000
22.4757200000
22.4754700000
22.4752200000
22.4749600000
22.4747000000
22.4744400000
22.4741800000
22.4739200000
22.4736600000
22.4734000000
22.4731400000
22.4728700000
22.4726000000
22.4723400000
22.4720700000
22.4718000000
22.4715300000
22.4712700000
22.4709900000
22.4707200000
22.4704400000
22.4701700000
22.4698900000
22.4696200000
22.4693500000
22.4690600000
22.4687800000
22.4685000000
22.4682200000
22.4679300000
22.4676500000
22.4673700000
22.4670900000
22.4668000000
22.4665100000
22.4662200000
22.4659300000
22.4656400000
22.4653500000
22.4650700000
22.4647800000
22.4644900000
22.4641900000
22.4638900000
22.4635900000
22.4632900000
22.4630000000
22.4627000000
22.4624000000
22.4621000000
22.4618100000
22.4615000000
22.4612000000
22.4608900000
22.4605900000
22.4602800000
22.4599800000
22.4596700000
22.4593700000
22.4590500000
22.4587400000
22.4584300000
22.4581100000
22.4578000000
22.4574900000
22.4571800000
22.4568600000
22.4565500000
22.4562300000
22.4559100000
22.4555900000
22.4552700000
22.4549500000
22.4546300000
22.4543100000
22.4539900000
22.4536700000
22.4533400000
22.4530100000
22.4526800000
22.4523500000
22.4520300000
22.4517000000
22.4513700000
22.4510400000
22.4507100000
22.4503800000
22.4500400000
22.4497100000
22.4493700000
22.4490400000
22.4487000000
22.4483600000
22.4480300000
22.4476900000
22.4473500000
22.4470100000
22.4466600000
22.4463200000
22.4459800000
22.4456300000
22.4452900000
22.4449500000
22.4446000000
22.4442500000
22.4439000000
22.4435500000
22.4432000000
22.4428500000
22.4425000000
22.4421500000
22.4418000000
22.4414400000
22.4410900000
22.4407300000
22.4403800000
22.4400200000
22.4396600000
22.4393000000
22.4389400000
22.4385800000
22.4382200000
22.4378700000
22.4375100000
22.4371400000
22.4367800000
22.4364100000
22.4360400000
22.4356800000
22.4353100000
22.4349400000
22.4345800000
22.4342100000
22.4338500000
22.4334700000
22.4331000000
22.4327200000
22.4323300000
22.4319500000
22.4315600000
22.4311700000
22.4307800000
22.4303900000
22.4300000000
22.4296000000
22.4292100000
22.4288100000
22.4284100000
22.4280200000
22.4276200000
22.4272200000
22.4268300000
22.4264300000
22.4260300000
22.4256300000
22.4252200000
22.4248200000
22.4244200000
22.4240100000
22.4236100000
22.4232000000
22.4228000000
22.4223900000
22.4219900000
22.4215800000
22.4211700000
22.4207500000
22.4203400000
22.4199300000
22.4195200000
22.4191100000
22.4186900000
22.4182800000
22.4178700000
22.4174500000
22.4170300000
22.4166100000
22.4161900000
22.4157700000
22.4153500000
22.4149300000
22.4145100000
22.4140900000
22.4136700000
22.4132500000
22.4128300000
22.4124000000
22.4119700000
22.4115400000
22.4111200000
22.4106900000
22.4102600000
22.4098400000
22.4094100000
22.4089800000
22.4085500000
22.4081300000
22.4076900000
22.4072600000
22.4068200000
22.4063900000
22.4059500000
22.4055200000
22.4050800000
22.4046500000
22.4042100000
22.4037800000
22.4033400000
22.4029000000
22.4024600000
22.4020200000
22.4015700000
22.4011300000
22.4006900000
22.4002500000
22.3998000000
22.3993600000
22.3989200000
22.3984800000
22.3980300000
22.3975800000
22.3971300000
22.3966800000
22.3962200000
22.3957700000
22.3953200000
22.3948700000
22.3944200000
22.3939700000
22.3935200000
22.3930700000
22.3926200000
22.3921700000
22.3917100000
22.3912500000
22.3907900000
22.3903400000
22.3898800000
22.3894200000
22.3889600000
22.3885000000
22.3880500000
22.3876000000
22.3871500000
22.3867000000
22.3862500000
22.3858000000
22.3853500000
22.3849100000
22.3844700000
22.3840300000
22.3836000000
22.3831600000
22.3827100000
22.3822700000
22.3818300000
22.3813800000
22.3809300000
22.3804800000
22.3800200000
22.3795600000
22.3790900000
22.3786100000
22.3781200000
22.3776300000
22.3771200000
22.3766100000
22.3760900000
22.3755700000
22.3750500000
22.3745300000
22.3740000000
22.3734700000
22.3729300000
22.3723800000
22.3718300000
22.3712800000
22.3707400000
22.3702000000
22.3696600000
22.3691300000
22.3685900000
22.3680600000
22.3675200000
22.3669900000
22.3664600000
22.3659200000
22.3653900000
22.3648600000
22.3643300000
22.3638100000
22.3632800000
22.3627500000
22.3622300000
22.3617100000
22.3611900000
22.3606700000
22.3601500000
22.3596300000
22.3591200000
22.3586000000
22.3580800000
22.3575600000
22.3570400000
22.3565100000
22.3559900000
22.3554600000
22.3549300000
22.3544100000
22.3538700000
22.3533400000
22.3528100000
22.3522700000
22.3517400000
22.3512000000
22.3506500000
22.3501100000
22.3495700000
22.3490300000
22.3484800000
22.3479300000
22.3473800000
22.3468300000
22.3462800000
22.3457300000
22.3451700000
22.3446100000
22.3440600000
22.3435000000
22.3429400000
22.3423600000
22.3417800000
22.3412000000
22.3406200000
22.3400400000
22.3394600000
22.3388800000
22.3383000000
22.3377200000
22.3371400000
22.3365600000
22.3359800000
22.3354000000
22.3348200000
22.3342400000
22.3336700000
22.3331000000
22.3325400000
22.3319900000
22.3314300000
22.3308700000
22.3303200000
22.3297700000
22.3292200000
22.3286700000
22.3281300000
22.3275900000
22.3270600000
22.3265200000
22.3259900000
22.3254500000
22.3249200000
22.3243900000
22.3238500000
22.3233200000
22.3227800000
22.3222500000
22.3217200000
22.3211700000
22.3206300000
22.3200900000
22.3195500000
22.3189900000
22.3184400000
22.3178700000
22.3173100000
22.3167400000
22.3161800000
22.3156100000
22.3150300000
22.3144600000
22.3138900000
22.3133000000
22.3127100000
22.3121100000
22.3115200000
22.3109200000
22.3103300000
22.3097200000
22.3091200000
22.3085200000
22.3079100000
22.3073100000
22.3067100000
22.3061100000
22.3055000000
22.3048900000
22.3042800000
22.3036700000
22.3030600000
22.3024500000
22.3018400000
22.3012300000
22.3006200000
22.3000100000
22.2994000000
22.2987900000
22.2981800000
22.2975700000
22.2969600000
22.2963500000
22.2957400000
22.2951300000
22.2945200000
22.2939100000
22.2933000000
22.2926900000
22.2920800000
22.2914700000
22.2908600000
22.2902500000
22.2896300000
22.2890200000
22.2884100000
22.2877900000
22.2871700000
22.2865500000
22.2859300000
22.2853200000
22.2847000000
22.2840800000
22.2834600000
22.2828300000
22.2822000000
22.2815600000
22.2809300000
22.2802900000
22.2796500000
22.2790100000
22.2783700000
22.2777300000
22.2770800000
22.2764400000
22.2758000000
22.2751600000
22.2745200000
22.2738700000
22.2732200000
22.2725800000
22.2719300000
22.2712800000
22.2706300000
22.2699800000
22.2693300000
22.2686800000
22.2680400000
22.2673900000
22.2667400000
22.2660900000
22.2654400000
22.2647900000
22.2641400000
22.2635000000
22.2628500000
22.2622000000
22.2615400000
22.2608900000
22.2602300000
22.2595700000
22.2589200000
22.2582600000
22.2576100000
22.2569500000
22.2562900000
22.2556200000
22.2549500000
22.2542800000
22.2536100000
22.2529400000
22.2522700000
22.2515900000
22.2509100000
22.2502300000
22.2495500000
22.2488700000
22.2481900000
22.2475100000
22.2468300000
22.2461500000
22.2454800000
22.2448000000
22.2441200000
22.2434300000
22.2427400000
22.2420600000
22.2413700000
22.2406800000
22.2400000000
22.2393100000
22.2386200000
22.2379400000
22.2372500000
22.2365600000
22.2358800000
22.2351900000
22.2345000000
22.2338200000
22.2331300000
22.2324400000
22.2317500000
22.2310600000
22.2303600000
22.2296700000
22.2289700000
22.2282800000
22.2275800000
22.2268900000
22.2261900000
22.2254900000
22.2247800000
22.2240800000
22.2233800000
22.2226800000
22.2219800000
22.2212800000
22.2205700000
22.2198600000
22.2191500000
22.2184400000
22.2177300000
22.2170200000
22.2163100000
22.2156000000
22.2148900000
22.2141800000
22.2134700000
22.2127600000
22.2120500000
22.2113400000
22.2106300000
22.2099200000
22.2092100000
22.2085000000
22.2077900000
22.2070800000
22.2063800000
22.2056600000
22.2049400000
22.2042200000
22.2035100000
22.2027700000
22.2020400000
22.2013100000
22.2005800000
22.1998400000
22.1991100000
22.1983800000
22.1976500000
22.1969100000
22.1961700000
22.1954300000
22.1946900000
22.1939500000
22.1932100000
22.1924700000
22.1917300000
22.1909900000
22.1902500000
22.1895100000
22.1887700000
22.1880200000
22.1872700000
22.1865200000
22.1857800000
22.1850300000
22.1842800000
22.1835300000
22.1827900000
22.1820400000
22.1812900000
22.1805400000
22.1797900000
22.1790400000
22.1782800000
22.1775300000
22.1767700000
22.1760200000
22.1752600000
22.1745100000
22.1737500000
22.1729800000
22.1722100000
22.1714400000
22.1706700000
22.1699000000
22.1691300000
22.1683600000
22.1675900000
22.1668200000
22.1660400000
22.1652600000
22.1644800000
22.1637000000
22.1629300000
22.1621500000
22.1613700000
22.1605900000
22.1598100000
22.1590300000
22.1582600000
22.1574800000
22.1567000000
22.1559200000
22.1551400000
22.1543600000
22.1535700000
22.1527900000
22.1520000000
22.1512100000
22.1504300000
22.1496400000
22.1488600000
22.1480700000
22.1472900000
22.1465000000
22.1457100000
22.1449300000
22.1441400000
22.1433600000
22.1425600000
22.1417700000
22.1409800000
22.1401800000
22.1393900000
22.1386000000
22.1378000000
22.1370100000
22.1362200000
22.1354200000
22.1346300000
22.1338300000
22.1330400000
22.1322400000
22.1314200000
22.1306100000
22.1297900000
22.1289700000
22.1281600000
22.1273400000
22.1265300000
22.1257100000
22.1248900000
22.1240800000
22.1232600000
22.1224400000
22.1216300000
22.1208000000
22.1199800000
22.1191600000
22.1183300000
22.1175100000
22.1166800000
22.1158600000
22.1150400000
22.1142100000
22.1133900000
22.1125600000
22.1117400000
22.1109200000
22.1100900000
22.1092700000
22.1084400000
22.1076200000
22.1068000000
22.1059700000
22.1051500000
22.1043200000
22.1035000000
22.1026800000
22.1018500000
22.1010300000
22.1002000000
22.0993800000
22.0985600000
22.0977300000
22.0969100000
22.0960800000
22.0952600000
22.0944400000
22.0936100000
22.0927900000
22.0919600000
22.0911400000
22.0903200000
22.0894900000
22.0886700000
22.0878400000
22.0870200000
22.0862000000
22.0853700000
22.0845400000
22.0837100000
22.0828800000
22.0820500000
22.0812100000
22.0803800000
22.0795300000
22.0786700000
22.0778200000
22.0769700000
22.0761000000
22.0752400000
22.0743800000
22.0735200000
22.0726500000
22.0717800000
22.0708900000
22.0700100000
22.0691100000
22.0682200000
22.0673300000
22.0664400000
22.0655400000
22.0646500000
22.0637600000
22.0628600000
22.0619600000
22.0610600000
22.0601600000
22.0592600000
22.0583600000
22.0574600000
22.0565600000
22.0556600000
22.0547700000
22.0538800000
22.0529900000
22.0520900000
22.0512000000
22.0503100000
22.0494200000
22.0485200000
22.0476300000
22.0467400000
22.0458500000
22.0449500000
22.0440600000
22.0431700000
22.0422700000
22.0413800000
22.0404900000
22.0396000000
22.0387000000
22.0378100000
22.0369200000
22.0360300000
22.0351300000
22.0342400000
22.0333400000
22.0324400000
22.0315400000
22.0306400000
22.0297400000
22.0288400000
22.0279300000
22.0270200000
22.0261200000
22.0252100000
22.0243000000
22.0233900000
22.0224800000
22.0215600000
22.0206500000
22.0197300000
22.0188100000
22.0179000000
22.0169700000
22.0160400000
22.0151100000
22.0141800000
22.0132400000
22.0123100000
22.0113800000
22.0104500000
22.0095200000
22.0085900000
22.0076600000
22.0067300000
22.0058000000
22.0048700000
22.0039400000
22.0030200000
22.0021100000
22.0012100000
22.0003000000
21.9993900000
21.9984800000
21.9975700000
21.9966700000
21.9957600000
21.9948600000
21.9939600000
21.9930600000
21.9921600000
21.9912600000
21.9903600000
21.9894600000
21.9885600000
21.9876500000
21.9867400000
21.9858300000
21.9849200000
21.9840200000
21.9831000000
21.9821900000
21.9812500000
21.9803200000
21.9793900000
21.9784500000
21.9775100000
21.9765600000
21.9756000000
21.9746400000
21.9736700000
21.9727000000
21.9717300000
21.9707600000
21.9697900000
21.9688100000
21.9678300000
21.9668600000
21.9658800000
21.9649000000
21.9639100000
21.9629200000
21.9619300000
21.9609500000
21.9599800000
21.9590000000
21.9580200000
21.9570500000
21.9560700000
21.9550900000
21.9541200000
21.9531600000
21.9521900000
21.9512200000
21.9502500000
21.9492800000
21.9483100000
21.9473400000
21.9463700000
21.9454000000
21.9444400000
21.9434700000
21.9425000000
21.9415300000
21.9405600000
21.9395900000
21.9386200000
21.9376500000
21.9366800000
21.9357100000
21.9347300000
21.9337500000
21.9327800000
21.9318000000
21.9308200000
21.9298300000
21.9288500000
21.9278600000
21.9268800000
21.9258900000
21.9249000000
21.9239000000
21.9229000000
21.9218900000
21.9208800000
21.9198800000
21.9188600000
21.9178500000
21.9168300000
21.9158200000
21.9148000000
21.9137900000
21.9127700000
21.9117600000
21.9107400000
21.9097300000
21.9087100000
21.9077100000
21.9067000000
21.9056900000
21.9046900000
21.9036800000
21.9026900000
21.9017000000
21.9007000000
21.8997100000
21.8987200000
21.8977300000
21.8967400000
21.8957400000
21.8947500000
21.8937600000
21.8927700000
21.8917800000
21.8907900000
21.8897900000
21.8887900000
21.8877900000
21.8868000000
21.8858000000
21.8848000000
21.8838000000
21.8827800000
21.8817700000
21.8807500000
21.8797400000
21.8787200000
21.8777000000
21.8766800000
21.8756600000
21.8746300000
21.8736100000
21.8725900000
21.8715700000
21.8705400000
21.8695200000
21.8684900000
21.8674600000
21.8664300000
21.8654000000
21.8643700000
21.8633400000
21.8623000000
21.8612500000
21.8602100000
21.8591500000
21.8581000000
21.8570500000
21.8560000000
21.8549400000
21.8538900000
21.8528400000
21.8517800000
21.8507300000
21.8496800000
21.8486300000
21.8475700000
21.8465200000
21.8454700000
21.8444100000
21.8433600000
21.8423100000
21.8412500000
21.8401900000
21.8391300000
21.8380700000
21.8370100000
21.8359500000
21.8348800000
21.8338200000
21.8327600000
21.8317000000
21.8306400000
21.8295800000
21.8285200000
21.8274600000
21.8264000000
21.8253400000
21.8242800000
21.8232200000
21.8221600000
21.8211000000
21.8200400000
21.8189800000
21.8179200000
21.8168500000
21.8157800000
21.8147100000
21.8136400000
21.8125800000
21.8115100000
21.8104400000
21.8093700000
21.8082900000
21.8072100000
21.8061200000
21.8050400000
21.8039600000
21.8028700000
21.8017900000
21.8007000000
21.7996200000
21.7985400000
21.7974500000
21.7963600000
21.7952700000
21.7941700000
21.7930800000
21.7919900000
21.7909000000
21.7898100000
21.7887200000
21.7876300000
21.7865400000
21.7854500000
21.7843600000
21.7832600000
21.7821700000
21.7810800000
21.7799800000
21.7788800000
21.7777900000
21.7766900000
21.7755900000
21.7744900000
21.7733900000
21.7722900000
21.7711900000
21.7701000000
21.7690000000
21.7679000000
21.7668000000
21.7657000000
21.7646000000
21.7635000000
21.7623900000
21.7612800000
21.7601600000
21.7590400000
21.7579200000
21.7568000000
21.7556800000
21.7545500000
21.7534300000
21.7523100000
21.7511900000
21.7500700000
21.7489500000
21.7478300000
21.7467000000
21.7455800000
21.7444600000
21.7433300000
21.7422000000
21.7410700000
21.7399400000
21.7388200000
21.7376900000
21.7365600000
21.7354300000
21.7343000000
21.7331700000
21.7320400000
21.7309100000
21.7297800000
21.7286500000
21.7275200000
21.7263900000
21.7252700000
21.7241400000
21.7230100000
21.7218700000
21.7207300000
21.7196000000
21.7184600000
21.7173200000
21.7161900000
21.7150500000
21.7139100000
21.7127800000
21.7116200000
21.7104700000
21.7093200000
21.7081700000
21.7070200000
21.7058600000
21.7047100000
21.7035600000
21.7024100000
21.7012500000
21.7000900000
21.6989300000
21.6977700000
21.6966100000
21.6954500000
21.6942900000
21.6931300000
21.6919700000
21.6908100000
21.6896500000
21.6884900000
21.6873300000
21.6861700000
21.6850100000
21.6838500000
21.6826900000
21.6815200000
21.6803500000
21.6791800000
21.6780200000
21.6768500000
21.6756800000
21.6745100000
21.6733500000
21.6721800000
21.6710100000
21.6698500000
21.6686800000
21.6675100000
21.6663400000
21.6651800000
21.6640100000
21.6628400000
21.6616700000
21.6605100000
21.6593400000
21.6581700000
21.6570100000
21.6558400000
21.6546700000
21.6535000000
21.6523200000
21.6511500000
21.6499700000
21.6488000000
21.6476200000
21.6464500000
21.6452700000
21.6441000000
21.6429200000
21.6417500000
21.6405700000
21.6394000000
21.6382200000
21.6370500000
21.6358700000
21.6347000000
21.6335200000
21.6323500000
21.6311700000
21.6300000000
21.6288100000
21.6276100000
21.6264100000
21.6252100000
21.6240200000
21.6228200000
21.6216200000
21.6204200000
21.6192200000
21.6180100000
21.6168100000
21.6156000000
21.6144000000
21.6131900000
21.6119600000
21.6107300000
21.6095000000
21.6082800000
21.6070500000
21.6058200000
21.6045800000
21.6033500000
21.6021100000
21.6008800000
21.5996400000
21.5984000000
21.5971700000
21.5959300000
21.5947000000
21.5934600000
21.5922200000
21.5909900000
21.5897500000
21.5885200000
21.5872800000
21.5860400000
21.5848100000
21.5835700000
21.5823400000
21.5811000000
21.5798600000
21.5786300000
21.5773900000
21.5761600000
21.5749200000
21.5736800000
21.5724600000
21.5712300000
21.5700000000
21.5687700000
21.5675400000
21.5663100000
21.5650900000
21.5638600000
21.5626300000
21.5614000000
21.5601700000
21.5589400000
21.5577000000
21.5564700000
21.5552300000
21.5539900000
21.5527600000
21.5515200000
21.5502900000
21.5490500000
21.5478100000
21.5465800000
21.5453300000
21.5440900000
21.5428500000
21.5416000000
21.5403600000
21.5391200000
21.5378600000
21.5365900000
21.5353200000
21.5340600000
21.5327900000
21.5315200000
21.5302500000
21.5289800000
21.5277000000
21.5264300000
21.5251400000
21.5238500000
21.5225500000
21.5212600000
21.5199600000
21.5186600000
21.5173600000
21.5160700000
21.5147700000
21.5134700000
21.5121800000
21.5108800000
21.5095800000
21.5082900000
21.5069900000
21.5056900000
21.5043900000
21.5031100000
21.5018300000
21.5005600000
21.4992800000
21.4980100000
21.4967300000
21.4954600000
21.4941900000
21.4929200000
21.4916500000
21.4903900000
21.4891200000
21.4878500000
21.4865900000
21.4853200000
21.4840500000
21.4827900000
21.4815200000
21.4802600000
21.4789900000
21.4777200000
21.4764600000
21.4751900000
21.4739200000
21.4726400000
21.4713700000
21.4700900000
21.4688100000
21.4675300000
21.4662300000
21.4649300000
21.4636200000
21.4623200000
21.4610100000
21.4596900000
21.4583800000
21.4570600000
21.4557400000
21.4544100000
21.4530700000
21.4517300000
21.4503900000
21.4490400000
21.4477000000
21.4463600000
21.4450100000
21.4436700000
21.4423300000
21.4409900000
21.4396400000
21.4383000000
21.4369600000
21.4356200000
21.4342700000
21.4329300000
21.4315900000
21.4302500000
21.4289200000
21.4275800000
21.4262600000
21.4249400000
21.4236300000
21.4223200000
21.4210100000
21.4196900000
21.4183800000
21.4170700000
21.4157600000
21.4144400000
21.4131300000
21.4118200000
21.4105100000
21.4091900000
21.4078800000
21.4065700000
21.4052600000
21.4039500000
21.4026300000
21.4013200000
21.4000100000
21.3987000000
21.3973800000
21.3960600000
21.3947400000
21.3934200000
21.3921100000
21.3907900000
21.3894700000
21.3881500000
21.3868200000
21.3854900000
21.3841500000
21.3828000000
21.3814600000
21.3801200000
21.3787800000
21.3774300000
21.3760800000
21.3747300000
21.3733700000
21.3720200000
21.3706700000
21.3693200000
21.3679700000
21.3666200000
21.3652600000
21.3639000000
21.3625400000
21.3611700000
21.3597900000
21.3584200000
21.3570500000
21.3556700000
21.3543000000
21.3529300000
21.3515500000
21.3501800000
21.3488100000
21.3474300000
21.3460600000
21.3446900000
21.3433200000
21.3419400000
21.3405700000
21.3392000000
21.3378200000
21.3364500000
21.3350800000
21.3337000000
21.3323300000
21.3309500000
21.3295700000
21.3281900000
21.3268100000
21.3254200000
21.3240400000
21.3226600000
21.3212800000
21.3199000000
21.3185200000
21.3171400000
21.3157600000
21.3143800000
21.3130000000
21.3116100000
21.3102300000
21.3088500000
21.3074700000
21.3060900000
21.3047100000
21.3033300000
21.3019500000
21.3005700000
21.2991900000
21.2978000000
21.2964100000
21.2950200000
21.2936300000
21.2922400000
21.2908600000
21.2894700000
21.2880800000
21.2866900000
21.2853000000
21.2839100000
21.2825100000
21.2811100000
21.2797000000
21.2783000000
21.2768900000
21.2754900000
21.2740900000
21.2726800000
21.2712800000
21.2698700000
21.2684700000
21.2670700000
21.2656600000
21.2642400000
21.2628300000
21.2614200000
21.2600100000
21.2586000000
21.2571900000
21.2557800000
21.2543600000
21.2529500000
21.2515400000
21.2501300000
21.2487200000
21.2473100000
21.2459000000
21.2444800000
21.2430600000
21.2416400000
21.2402000000
21.2387700000
21.2373400000
21.2359000000
21.2344700000
21.2330300000
21.2316000000
21.2301600000
21.2287300000
21.2272900000
21.2258600000
21.2244300000
21.2229900000
21.2215600000
21.2201200000
21.2186900000
21.2172500000
21.2158200000
21.2143900000
21.2129500000
21.2115200000
21.2100800000
21.2086500000
21.2072100000
21.2057600000
21.2043200000
21.2028800000
21.2014400000
21.2000000000
21.1985500000
21.1971100000
21.1956700000
21.1942300000
21.1927900000
21.1913400000
21.1898900000
21.1884400000
21.1869900000
21.1855400000
21.1840900000
21.1826400000
21.1811900000
21.1797400000
21.1782900000
21.1768300000
21.1753800000
21.1739200000
21.1724600000
21.1710100000
21.1695500000
21.1680900000
21.1666300000
21.1651800000
21.1637200000
21.1622600000
21.1608000000
21.1593500000
21.1578900000
21.1564300000
21.1549800000
21.1535200000
21.1520600000
21.1506000000
21.1491500000
21.1476900000
21.1462300000
21.1447800000
21.1433200000
21.1418600000
21.1404000000
21.1389500000
21.1374900000
21.1360200000
21.1345600000
21.1330900000
21.1316300000
21.1301700000
21.1287000000
21.1272400000
21.1257700000
21.1243100000
21.1228400000
21.1213600000
21.1198800000
21.1184000000
21.1169200000
21.1154400000
21.1139600000
21.1124700000
21.1109800000
21.1095000000
21.1080100000
21.1065200000
21.1050300000
21.1035500000
21.1020600000
21.1005700000
21.0990800000
21.0975900000
21.0960900000
21.0946000000
21.0931000000
21.0916100000
21.0901100000
21.0886200000
21.0871200000
21.0856200000
21.0841100000
21.0826000000
21.0810900000
21.0795800000
21.0780700000
21.0765600000
21.0750500000
21.0735300000
21.0720100000
21.0705000000
21.0689800000
21.0674600000
21.0659400000
21.0644200000
21.0629000000
21.0613900000
21.0598700000
21.0583500000
21.0568300000
21.0553100000
21.0537900000
21.0522800000
21.0507600000
21.0492400000
21.0477200000
21.0462000000
21.0446900000
21.0431700000
21.0416500000
21.0401300000
21.0386100000
21.0370900000
21.0355800000
21.0340600000
21.0325400000
21.0310200000
21.0295000000
21.0279800000
21.0264700000
21.0249500000
21.0234300000
21.0219100000
21.0203900000
21.0188800000
21.0173600000
21.0158400000
21.0143100000
21.0127900000
21.0112600000
21.0097400000
21.0082100000
21.0066700000
21.0051300000
21.0035900000
21.0020400000
21.0005000000
20.9989500000
20.9974000000
20.9958500000
20.9943000000
20.9927500000
20.9912000000
20.9896500000
20.9881000000
20.9865400000
20.9849900000
20.9834300000
20.9818700000
20.9803200000
20.9787600000
20.9772000000
20.9756500000
20.9740900000
20.9725300000
20.9709800000
20.9694200000
20.9678600000
20.9663100000
20.9647500000
20.9632000000
20.9616400000
20.9600800000
20.9585300000
20.9569700000
20.9554100000
20.9538700000
20.9523200000
20.9507700000
20.9492200000
20.9476700000
20.9461200000
20.9445700000
20.9430200000
20.9414700000
20.9399300000
20.9383700000
20.9368100000
20.9352600000
20.9337000000
20.9321400000
20.9305700000
20.9290000000
20.9274200000
20.9258400000
20.9242600000
20.9226800000
20.9211000000
20.9195200000
20.9179300000
20.9163400000
20.9147600000
20.9131700000
20.9115800000
20.9099700000
20.9083600000
20.9067500000
20.9051400000
20.9035300000
20.9019100000
20.9002900000
20.8986700000
20.8970600000
20.8954400000
20.8938200000
20.8922000000
20.8905900000
20.8889700000
20.8873600000
20.8857500000
20.8841400000
20.8825300000
20.8809200000
20.8793100000
20.8777200000
20.8761200000
20.8745300000
20.8729300000
20.8713500000
20.8697600000
20.8681700000
20.8665800000
20.8650000000
20.8634100000
20.8618200000
20.8602400000
20.8586500000
20.8570600000
20.8554800000
20.8538900000
20.8523000000
20.8507100000
20.8491100000
20.8475200000
20.8459200000
20.8443300000
20.8427400000
20.8411400000
20.8395500000
20.8379400000
20.8363400000
20.8347200000
20.8331100000
20.8314900000
20.8298700000
20.8282500000
20.8266300000
20.8250000000
20.8233800000
20.8217500000
20.8201300000
20.8185000000
20.8168800000
20.8152500000
20.8136300000
20.8120000000
20.8103800000
20.8087500000
20.8071100000
20.8054800000
20.8038500000
20.8022000000
20.8005500000
20.7989000000
20.7972600000
20.7956100000
20.7939800000
20.7923400000
20.7907100000
20.7890800000
20.7874500000
20.7858100000
20.7841800000
20.7825500000
20.7809100000
20.7792800000
20.7776500000
20.7760200000
20.7743800000
20.7727500000
20.7711200000
20.7694900000
20.7678500000
20.7662200000
20.7645900000
20.7629500000
20.7613200000
20.7596900000
20.7580600000
20.7564200000
20.7547900000
20.7531600000
20.7515300000
20.7498900000
20.7482600000
20.7466300000
20.7450000000
20.7433600000
20.7417300000
20.7400900000
20.7384500000
20.7368100000
20.7351700000
20.7335300000
20.7318900000
20.7302500000
20.7285900000
20.7269400000
20.7252700000
20.7236100000
20.7219500000
20.7202800000
20.7186200000
20.7169600000
20.7152900000
20.7136300000
20.7119700000
20.7103000000
20.7086400000
20.7069800000
20.7053100000
20.7036400000
20.7019700000
20.7002900000
20.6986200000
20.6969500000
20.6952800000
20.6936100000
20.6919400000
20.6902700000
20.6886000000
20.6869100000
20.6852300000
20.6835400000
20.6818500000
20.6801700000
20.6784800000
20.6768000000
20.6751100000
20.6734200000
20.6717200000
20.6700300000
20.6683300000
20.6666400000
20.6649500000
20.6632500000
20.6615600000
20.6598700000
20.6581700000
20.6564700000
20.6547700000
20.6530700000
20.6513700000
20.6496700000
20.6479500000
20.6462300000
20.6445200000
20.6428000000
20.6410800000
20.6393700000
20.6376500000
20.6359300000
20.6342200000
20.6325000000
20.6307800000
20.6290700000
20.6273500000
20.6256300000
20.6239200000
20.6222000000
20.6204800000
20.6187800000
20.6170800000
20.6153800000
20.6136800000
20.6119800000
20.6102800000
20.6085700000
20.6068700000
20.6051700000
20.6034700000
20.6017700000
20.6000700000
20.5983700000
20.5966600000
20.5949600000
20.5932600000
20.5915600000
20.5898600000
20.5881500000
20.5864300000
20.5847000000
20.5829800000
20.5812500000
20.5795300000
20.5778000000
20.5760800000
20.5743500000
20.5726200000
20.5708800000
20.5691500000
20.5674200000
20.5656900000
20.5639600000
20.5622300000
20.5604900000
20.5587500000
20.5570100000
20.5552700000
20.5535300000
20.5517900000
20.5500500000
20.5483100000
20.5465700000
20.5448200000
20.5430600000
20.5413100000
20.5395500000
20.5378000000
20.5360400000
20.5342900000
20.5325300000
20.5307800000
20.5290200000
20.5272800000
20.5255400000
20.5238000000
20.5220600000
20.5203200000
20.5185900000
20.5168500000
20.5151100000
20.5133700000
20.5116300000
20.5098900000
20.5081500000
20.5064100000
20.5046700000
20.5029300000
20.5011900000
20.4994500000
20.4977100000
20.4959700000
20.4942200000
20.4924600000
20.4907000000
20.4889400000
20.4871700000
20.4854100000
20.4836500000
20.4818900000
20.4801300000
20.4783600000
20.4766000000
20.4748300000
20.4730600000
20.4712900000
20.4695200000
20.4677500000
20.4659800000
20.4642100000
20.4624400000
20.4606700000
20.4589000000
20.4571200000
20.4553500000
20.4535500000
20.4517600000
20.4499700000
20.4481700000
20.4463800000
20.4445900000
20.4427900000
20.4410000000
20.4392100000
20.4374200000
20.4356200000
20.4338300000
20.4320400000
20.4302400000
20.4284500000
20.4266500000
20.4248500000
20.4230500000
20.4212500000
20.4194500000
20.4176500000
20.4158500000
20.4140500000
20.4122500000
20.4104500000
20.4086500000
20.4068500000
20.4050400000
20.4032400000
20.4014400000
20.3996400000
20.3978400000
20.3960400000
20.3942400000
20.3924400000
20.3906400000
20.3888400000
20.3870400000
20.3852400000
20.3834400000
20.3816400000
20.3798400000
20.3780400000
20.3762400000
20.3744300000
20.3726200000
20.3708100000
20.3690000000
20.3672000000
20.3653700000
20.3635500000
20.3617200000
20.3599000000
20.3580800000
20.3562500000
20.3544300000
20.3526100000
20.3507800000
20.3489500000
20.3471100000
20.3452800000
20.3434500000
20.3416200000
20.3397900000
20.3379600000
20.3361300000
20.3343000000
20.3324700000
20.3306400000
20.3288000000
20.3269700000
20.3251400000
20.3233100000
20.3214800000
20.3196500000
20.3178200000
20.3159900000
20.3141600000
20.3123200000
20.3104900000
20.3086600000
20.3068300000
20.3050000000
20.3031700000
20.3013300000
20.2994900000
20.2976500000
20.2958100000
20.2939800000
20.2921400000
20.2903000000
20.2884600000
20.2866200000
20.2847800000
20.2829400000
20.2811100000
20.2792700000
20.2774100000
20.2755600000
20.2737000000
20.2718500000
20.2700000000
20.2681400000
20.2662900000
20.2644300000
20.2625800000
20.2607200000
20.2588600000
20.2570000000
20.2551300000
20.2532700000
20.2514100000
20.2495500000
20.2476900000
20.2458300000
20.2439700000
20.2421000000
20.2402200000
20.2383300000
20.2364500000
20.2345700000
20.2326800000
20.2308000000
20.2289100000
20.2270300000
20.2251400000
20.2232600000
20.2213700000
20.2194900000
20.2176100000
20.2157200000
20.2138400000
20.2119500000
20.2100700000
20.2081800000
20.2063000000
20.2044100000
20.2025300000
20.2006500000
20.1987600000
20.1968800000
20.1949900000
20.1931100000
20.1912200000
20.1893400000
20.1874500000
20.1855700000
20.1836900000
20.1817900000
20.1799000000
20.1780100000
20.1761200000
20.1742200000
20.1723300000
20.1704400000
20.1685500000
20.1666600000
20.1647600000
20.1628500000
20.1609300000
20.1590200000
20.1571000000
20.1551900000
20.1532700000
20.1513600000
20.1494400000
20.1475100000
20.1455900000
20.1436700000
20.1417500000
20.1398200000
20.1379000000
20.1359700000
20.1340400000
20.1321100000
20.1301800000
20.1282500000
20.1263200000
20.1243900000
20.1224600000
20.1205300000
20.1186000000
20.1166700000
20.1147400000
20.1128100000
20.1108800000
20.1089500000
20.1070200000
20.1050900000
20.1031600000
20.1012300000
20.0993000000
20.0973700000
20.0954400000
20.0935100000
20.0915800000
20.0896500000
20.0877200000
20.0857800000
20.0838500000
20.0819200000
20.0799900000
20.0780600000
20.0761300000
20.0742000000
20.0722700000
20.0703400000
20.0684100000
20.0664800000
20.0645500000
20.0626200000
20.0606900000
20.0587600000
20.0568300000
20.0549000000
20.0529700000
20.0510400000
20.0491000000
20.0471600000
20.0452300000
20.0432900000
20.0413500000
20.0394100000
20.0374800000
20.0355400000
20.0336000000
20.0316500000
20.0296900000
20.0277400000
20.0238300000
20.0218800000
20.0218800000
20.0199200000
20.0179600000
20.0160000000
20.0140400000
20.0120800000
20.0101200000
20.0081600000
20.0062000000
20.0042300000
20.0022700000
20.0003100000
19.9983500000
19.9963900000
19.9944300000
19.9924700000
19.9905100000
19.9885500000
19.9865900000
19.9846300000
19.9826700000
19.9807100000
19.9787400000
19.9767800000
19.9748200000
19.9728600000
19.9709000000
19.9689400000
19.9669800000
19.9650200000
19.9630600000
19.9611000000
19.9591400000
19.9571700000
19.9552000000
19.9532300000
19.9512600000
19.9493000000
19.9473300000
19.9453600000
19.9433700000
19.9413900000
19.9394100000
19.9374200000
19.9354400000
19.9334600000
19.9314700000
19.9294800000
19.9274900000
19.9255000000
19.9235100000
19.9215200000
19.9195300000
19.9175300000
19.9155400000
19.9135400000
19.9115300000
19.9095200000
19.9075000000
19.9054900000
19.9034700000
19.9014600000
19.8994400000
19.8974300000
19.8954100000
19.8933900000
19.8913700000
19.8893400000
19.8873200000
19.8853000000
19.8832800000
19.8812600000
19.8792300000
19.8772100000
19.8751900000
19.8731700000
19.8711500000
19.8691300000
19.8671000000
19.8650800000
19.8630600000
19.8610400000
19.8590200000
19.8569900000
19.8549700000
19.8529500000
19.8509300000
19.8489100000
19.8468900000
19.8448600000
19.8428400000
19.8408200000
19.8388000000
19.8367800000
19.8347500000
19.8327300000
19.8307100000
19.8286900000
19.8266700000
19.8246400000
19.8226100000
19.8205800000
19.8185500000
19.8165200000
19.8144900000
19.8124600000
19.8104200000
19.8083700000
19.8063300000
19.8042800000
19.8022200000
19.8001700000
19.7981200000
19.7960700000
19.7940100000
19.7919600000
19.7899100000
19.7878600000
19.7858000000
19.7837500000
19.7816900000
19.7796300000
19.7775700000
19.7755100000
19.7734500000
19.7713900000
19.7693300000
19.7672700000
19.7652100000
19.7631500000
19.7610900000
19.7590300000
19.7569700000
19.7549100000
19.7528500000
19.7507900000
19.7487300000
19.7466800000
19.7446300000
19.7425800000
19.7405200000
19.7384600000
19.7364000000
19.7343400000
19.7322800000
19.7302200000
19.7281600000
19.7261000000
19.7240400000
19.7219800000
19.7199200000
19.7178600000
19.7158100000
19.7137500000
19.7116900000
19.7096300000
19.7075700000
19.7055100000
19.7034500000
19.7013900000
19.6993200000
19.6972400000
19.6951500000
19.6930700000
19.6909900000
19.6889000000
19.6868200000
19.6847400000
19.6826600000
19.6805700000
19.6784800000
19.6763900000
19.6743000000
19.6722100000
19.6701200000
19.6680300000
19.6659400000
19.6638500000
19.6617600000
19.6596700000
19.6575800000
19.6554900000
19.6534000000
19.6513100000
19.6492200000
19.6471300000
19.6450300000
19.6429200000
19.6408100000
19.6386900000
19.6365800000
19.6344700000
19.6323500000
19.6302400000
19.6281300000
19.6260100000
19.6239000000
19.6217900000
19.6196700000
19.6175600000
19.6154500000
19.6133300000
19.6112200000
19.6091100000
19.6069900000
19.6048800000
19.6027700000
19.6006500000
19.5985400000
19.5964300000
19.5943100000
19.5922000000
19.5900800000
19.5879600000
19.5858400000
19.5837200000
19.5816000000
19.5794800000
19.5773500000
19.5752300000
19.5731100000
19.5709900000
19.5688700000
19.5667500000
19.5646300000
19.5625100000
19.5603900000
19.5582700000
19.5561400000
19.5540200000
19.5519000000
19.5497800000
19.5476600000
19.5455400000
19.5434200000
19.5412900000
19.5391600000
19.5370300000
19.5349000000
19.5327600000
19.5306200000
19.5284700000
19.5263300000
19.5241900000
19.5220400000
19.5199000000
19.5177500000
19.5156100000
19.5134700000
19.5113200000
19.5091700000
19.5070200000
19.5048700000
19.5027200000
19.5005600000
19.4984100000
19.4962600000
19.4941100000
19.4919600000
19.4898100000
19.4876600000
19.4855000000
19.4833500000
19.4811900000
19.4790300000
19.4768500000
19.4746800000
19.4725000000
19.4703300000
19.4681500000
19.4659800000
19.4638100000
19.4616300000
19.4594600000
19.4572800000
19.4551100000
19.4529300000
19.4507600000
19.4485900000
19.4464100000
19.4442400000
19.4420600000
19.4398900000
19.4377100000
19.4355400000
19.4333600000
19.4311900000
19.4290100000
19.4268300000
19.4246400000
19.4224600000
19.4202800000
19.4181000000
19.4159200000
19.4137300000
19.4115500000
19.4093700000
19.4071900000
19.4050100000
19.4028200000
19.4006400000
19.3984600000
19.3962800000
19.3941000000
19.3919100000
19.3897300000
19.3875500000
19.3853700000
19.3831900000
19.3810000000
19.3788100000
19.3766300000
19.3744400000
19.3722500000
19.3700600000
19.3678700000
19.3656800000
19.3634900000
19.3613000000
19.3591100000
19.3569200000
19.3547300000
19.3525200000
19.3503200000
19.3481100000
19.3459000000
19.3436900000
19.3414800000
19.3392600000
19.3370500000
19.3348400000
19.3326300000
19.3304100000
19.3282000000
19.3259900000
19.3237800000
19.3215600000
19.3193500000
19.3171400000
19.3149300000
19.3127100000
19.3104900000
19.3082700000
19.3060500000
19.3038300000
19.3016100000
19.2993900000
19.2971600000
19.2949400000
19.2927200000
19.2905000000
19.2882700000
19.2860300000
19.2838000000
19.2815600000
19.2793300000
19.2770900000
19.2748500000
19.2726100000
19.2703600000
19.2681200000
19.2658800000
19.2636300000
19.2613900000
19.2591500000
19.2569000000
19.2546600000
19.2524200000
19.2501800000
19.2479300000
19.2456800000
19.2434300000
19.2411800000
19.2389300000
19.2366800000
19.2344300000
19.2321800000
19.2299300000
19.2276800000
19.2254300000
19.2231800000
19.2209200000
19.2186500000
19.2163800000
19.2141000000
19.2118300000
19.2095600000
19.2072800000
19.2050100000
19.2027400000
19.2004600000
19.1981900000
19.1959200000
19.1936400000
19.1913700000
19.1890900000
19.1868200000
19.1845500000
19.1822700000
19.1800000000
19.1777300000
19.1754500000
19.1731800000
19.1709100000
19.1686200000
19.1663400000
19.1640600000
19.1617800000
19.1595000000
19.1572200000
19.1549400000
19.1526600000
19.1503800000
19.1480900000
19.1458100000
19.1435300000
19.1412500000
19.1389700000
19.1366900000
19.1344100000
19.1321300000
19.1298400000
19.1275600000
19.1252800000
19.1230000000
19.1207200000
19.1184400000
19.1161600000
19.1138800000
19.1116000000
19.1093100000
19.1070300000
19.1047500000
19.1024700000
19.1001900000
19.0979100000
19.0956300000
19.0933500000
19.0910600000
19.0887800000
19.0865000000
19.0842100000
19.0819200000
19.0796400000
19.0773500000
19.0750600000
19.0727700000
19.0704800000
19.0681900000
19.0659000000
19.0636100000
19.0613300000
19.0590400000
19.0567300000
19.0544300000
19.0521200000
19.0498200000
19.0475100000
19.0452000000
19.0428800000
19.0405700000
19.0382600000
19.0359500000
19.0336400000
19.0313300000
19.0290100000
19.0267000000
19.0243800000
19.0220600000
19.0197400000
19.0174200000
19.0150800000
19.0127500000
19.0104100000
19.0080800000
19.0057400000
19.0034000000
19.0010500000
18.9987100000
18.9963700000
18.9940300000
18.9916800000
18.9893400000
18.9870000000
18.9846600000
18.9823200000
18.9799700000
18.9776300000
18.9752900000
18.9729500000
18.9706000000
18.9682600000
18.9659200000
18.9635800000
18.9612400000
18.9588900000
18.9565400000
18.9541900000
18.9518400000
18.9494900000
18.9471400000
18.9447900000
18.9424300000
18.9400600000
18.9377000000
18.9353300000
18.9329700000
18.9306000000
18.9282400000
18.9258700000
18.9235100000
18.9211400000
18.9187800000
18.9164100000
18.9140500000
18.9116700000
18.9093000000
18.9069300000
18.9045600000
18.9021800000
18.8998100000
18.8974400000
18.8950700000
18.8926900000
18.8903200000
18.8879500000
18.8855700000
18.8832000000
18.8808300000
18.8784500000
18.8760700000
18.8736900000
18.8713100000
18.8689300000
18.8665500000
18.8641700000
18.8617900000
18.8594100000
18.8570300000
18.8546400000
18.8522600000
18.8498800000
18.8475000000
18.8451200000
18.8427400000
18.8403600000
18.8379800000
18.8356000000
18.8332200000
18.8308400000
18.8284600000
18.8260800000
18.8237000000
18.8213200000
18.8189400000
18.8165600000
18.8141700000
18.8117800000
18.8093900000
18.8070100000
18.8046200000
18.8022300000
18.7998400000
18.7974500000
18.7950700000
18.7926600000
18.7902600000
18.7878600000
18.7854500000
18.7830400000
18.7806300000
18.7782200000
18.7758100000
18.7734000000
18.7709900000
18.7685800000
18.7661700000
18.7637600000
18.7613400000
18.7589300000
18.7565200000
18.7541100000
18.7516900000
18.7492800000
18.7468600000
18.7444400000
18.7420200000
18.7396000000
18.7371800000
18.7347600000
18.7323500000
18.7299300000
18.7275100000
18.7250900000
18.7226700000
18.7202500000
18.7178300000
18.7154200000
18.7130000000
18.7105800000
18.7081600000
18.7057400000
18.7033200000
18.7009000000
18.6984700000
18.6960400000
18.6936000000
18.6911500000
18.6887100000
18.6862700000
18.6838300000
18.6813900000
18.6789500000
18.6765100000
18.6740600000
18.6716200000
18.6691800000
18.6667400000
18.6643000000
18.6618600000
18.6594200000
18.6569700000
18.6545300000
18.6520800000
18.6496400000
18.6471900000
18.6447400000
18.6422900000
18.6398400000
18.6373900000
18.6349400000
18.6324900000
18.6300300000
18.6275600000
18.6251000000
18.6226300000
18.6201700000
18.6177000000
18.6152300000
18.6127500000
18.6102800000
18.6078100000
18.6053400000
18.6028700000
18.6004000000
18.5979200000
18.5954500000
18.5929800000
18.5905100000
18.5880400000
18.5855600000
18.5830800000
18.5806000000
18.5781300000
18.5756500000
18.5731700000
18.5706900000
18.5682100000
18.5657300000
18.5632500000
18.5607700000
18.5582900000
18.5558100000
18.5533300000
18.5508500000
18.5483700000
18.5458900000
18.5434100000
18.5409300000
18.5384400000
18.5359400000
18.5334500000
18.5309500000
18.5284600000
18.5259600000
18.5234500000
18.5209500000
18.5184500000
18.5159500000
18.5134400000
18.5109400000
18.5084400000
18.5059400000
18.5034300000
18.5009300000
18.4984300000
18.4959300000
18.4934200000
18.4909200000
18.4884100000
18.4859000000
18.4833900000
18.4808800000
18.4783700000
18.4758600000
18.4733500000
18.4708400000
18.4683300000
18.4658200000
18.4633100000
18.4607900000
18.4582700000
18.4557600000
18.4532400000
18.4507200000
18.4482000000
18.4456700000
18.4431400000
18.4406100000
18.4380700000
18.4355400000
18.4330100000
18.4304700000
18.4279400000
18.4254100000
18.4228700000
18.4203300000
18.4177900000
18.4152500000
18.4127000000
18.4101600000
18.4076200000
18.4050800000
18.4025400000
18.4000000000
18.3974600000
18.3949200000
18.3923800000
18.3898400000
18.3873000000
18.3847600000
18.3822200000
18.3796800000
18.3771400000
18.3746000000
18.3720600000
18.3695100000
18.3669700000
18.3644300000
18.3618900000
18.3593500000
18.3568100000
18.3542700000
18.3517300000
18.3491900000
18.3466500000
18.3441100000
18.3415700000
18.3390200000
18.3364700000
18.3339200000
18.3313800000
18.3288300000
18.3262800000
18.3237300000
18.3211700000
18.3186000000
18.3160400000
18.3134800000
18.3109100000
18.3083500000
18.3057900000
18.3032200000
18.3006400000
18.2980700000
18.2955000000
18.2929300000
18.2903600000
18.2877900000
18.2852200000
18.2826500000
18.2800800000
18.2775000000
18.2749300000
18.2723600000
18.2697800000
18.2671900000
18.2646000000
18.2620000000
18.2594100000
18.2568100000
18.2542200000
18.2516300000
18.2490300000
18.2464400000
18.2438400000
18.2412500000
18.2386600000
18.2360600000
18.2334700000
18.2308700000
18.2282600000
18.2256600000
18.2230600000
18.2204600000
18.2178600000
18.2152600000
18.2126500000
18.2100500000
18.2074400000
18.2048200000
18.2022000000
18.1995800000
18.1969700000
18.1943500000
18.1917300000
18.1891000000
18.1864800000
18.1838500000
18.1812300000
18.1786000000
18.1759800000
18.1733600000
18.1707300000
18.1681100000
18.1654800000
18.1628600000
18.1602300000
18.1576100000
18.1549800000
18.1523600000
18.1497300000
18.1471000000
18.1444700000
18.1418400000
18.1392100000
18.1365700000
18.1339400000
18.1313100000
18.1286800000
18.1260500000
18.1234100000
18.1207800000
18.1181500000
18.1155200000
18.1128700000
18.1102200000
18.1075700000
18.1049100000
18.1022600000
18.0996000000
18.0969500000
18.0942900000
18.0916400000
18.0889800000
18.0863300000
18.0836700000
18.0810200000
18.0783600000
18.0757100000
18.0730500000
18.0704000000
18.0677400000
18.0650900000
18.0624300000
18.0597800000
18.0571200000
18.0544700000
18.0518100000
18.0491600000
18.0465000000
18.0438400000
18.0411800000
18.0385100000
18.0358500000
18.0331900000
18.0305300000
18.0278600000
18.0252000000
18.0225400000
18.0198700000
18.0172100000
18.0145500000
18.0118900000
18.0092200000
18.0065600000
18.0039000000
18.0012400000
17.9985700000
17.9959100000
17.9932500000
17.9905900000
17.9879200000
17.9852600000
17.9825900000
17.9799200000
17.9772500000
17.9745600000
17.9718800000
17.9691900000
17.9665100000
17.9638200000
17.9611400000
17.9584500000
17.9557600000
17.9530700000
17.9503800000
17.9476900000
17.9449900000
17.9423000000
17.9396100000
17.9369100000
17.9342200000
17.9315300000
17.9288300000
17.9261200000
17.9234200000
17.9207200000
17.9180100000
17.9152900000
17.9125700000
17.9098600000
17.9071400000
17.9044300000
17.9017100000
17.8989900000
17.8962600000
17.8935400000
17.8908200000
17.8880900000
17.8853700000
17.8826400000
17.8799200000
17.8772000000
17.8744700000
17.8717500000
17.8690300000
17.8663000000
17.8635800000
17.8608600000
17.8581300000
17.8554100000
17.8526800000
17.8499500000
17.8472200000
17.8444900000
17.8417600000
17.8390300000
17.8363000000
17.8335600000
17.8308300000
17.8281000000
17.8253700000
17.8226400000
17.8199100000
17.8171800000
17.8144400000
17.8116800000
17.8089300000
17.8061800000
17.8034200000
17.8006700000
17.7979100000
17.7951600000
17.7924000000
17.7896500000
17.7869000000
17.7841400000
17.7813900000
17.7786300000
17.7758600000
17.7731000000
17.7703400000
17.7675800000
17.7648200000
17.7620500000
17.7592900000
17.7565300000
17.7537700000
17.7510100000
17.7482500000
17.7454800000
17.7427200000
17.7399600000
17.7372000000
17.7344400000
17.7316700000
17.7289100000
17.7261500000
17.7233900000
17.7206200000
17.7178500000
17.7150800000
17.7123100000
17.7095400000
17.7067700000
17.7040000000
17.7012300000
17.6984600000
17.6956900000
17.6929200000
17.6901600000
17.6873700000
17.6845900000
17.6818000000
17.6790200000
17.6762300000
17.6734500000
17.6706500000
17.6678600000
17.6650700000
17.6622800000
17.6594800000
17.6566900000
17.6539000000
17.6511100000
17.6483200000
17.6455200000
17.6427300000
17.6399400000
17.6371500000
17.6343500000
17.6315500000
17.6287500000
17.6259500000
17.6231500000
17.6203300000
17.6175200000
17.6147000000
17.6118900000
17.6090700000
17.6062500000
17.6034400000
17.6006200000
17.5978000000
17.5949800000
17.5921600000
17.5893300000
17.5865100000
17.5836900000
17.5808600000
17.5780400000
17.5752200000
17.5724000000
17.5695700000
17.5667500000
17.5639300000
17.5611000000
17.5582800000
17.5554500000
17.5526200000
17.5497700000
17.5469300000
17.5440800000
17.5412400000
17.5383900000
17.5355500000
17.5327000000
17.5298500000
17.5270100000
17.5241600000
17.5213100000
17.5184600000
17.5156000000
17.5127500000
17.5099000000
17.5070400000
17.5041900000
17.5013400000
17.4984800000
17.4956300000
17.4927700000
17.4899200000
17.4870700000
17.4842100000
17.4813500000
17.4784900000
17.4756300000
17.4727700000
17.4699100000
17.4670500000
17.4641700000
17.4613000000
17.4584200000
17.4555400000
17.4526700000
17.4497900000
17.4469100000
17.4440400000
17.4411600000
17.4382900000
17.4354100000
17.4325300000
17.4296600000
17.4267800000
17.4239000000
17.4210200000
17.4181400000
17.4152500000
17.4123700000
17.4094800000
17.4066000000
17.4037200000
17.4008300000
17.3979500000
17.3950700000
17.3921800000
17.3893000000
17.3864100000
17.3835100000
17.3806200000
17.3777300000
17.3748400000
17.3719500000
17.3690600000
17.3661500000
17.3632400000
17.3603400000
17.3574300000
17.3545200000
17.3516100000
17.3486900000
17.3457800000
17.3428600000
17.3399500000
17.3370400000
17.3341200000
17.3312100000
17.3282900000
17.3253800000
17.3224600000
17.3195500000
17.3166400000
17.3137200000
17.3108100000
17.3078900000
17.3049800000
17.3020600000
17.2991500000
17.2962300000
17.2933200000
17.2904100000
17.2874900000
17.2845800000
17.2816600000
17.2787500000
17.2758300000
17.2729200000
17.2700000000
17.2670700000
17.2641500000
17.2612300000
17.2583100000
17.2553700000
17.2524300000
17.2495000000
17.2465600000
17.2436200000
17.2406800000
17.2377500000
17.2348100000
17.2318600000
17.2289200000
17.2259800000
17.2230300000
17.2200900000
17.2171400000
17.2142000000
17.2112500000
17.2083100000
17.2053600000
17.2024100000
17.1994600000
17.1965000000
17.1935500000
17.1906000000
17.1876400000
17.1846800000
17.1817100000
17.1787400000
17.1757700000
17.1728000000
17.1698200000
17.1668500000
17.1638700000
17.1609000000
17.1579200000
17.1549500000
17.1519700000
17.1489900000
17.1460200000
17.1430400000
17.1400700000
17.1370900000
17.1341200000
17.1311400000
17.1281600000
17.1251800000
17.1221900000
17.1192100000
17.1162300000
17.1132400000
17.1102600000
17.1072800000
17.1042900000
17.1013100000
17.0983300000
17.0953400000
17.0923600000
17.0893800000
17.0864000000
17.0834100000
17.0804300000
17.0774500000
17.0744600000
17.0714500000
17.0684400000
17.0654400000
17.0624300000
17.0594300000
17.0564200000
17.0534100000
17.0504100000
17.0474000000
17.0444000000
17.0413900000
17.0383800000
17.0353800000
17.0323600000
17.0293500000
17.0263400000
17.0233200000
17.0203100000
17.0173000000
17.0142800000
17.0112700000
17.0082600000
17.0052400000
17.0022100000
16.9991800000
16.9961400000
16.9931000000
16.9900700000
16.9870300000
16.9839900000
16.9809600000
16.9779200000
16.9748800000
16.9718500000
16.9688100000
16.9657700000
16.9627300000
16.9596900000
16.9566400000
16.9536000000
16.9505500000
16.9475100000
16.9444500000
16.9413900000
16.9383300000
16.9352700000
16.9322100000
16.9291500000
16.9260800000
16.9230100000
16.9199400000
16.9168800000
16.9138100000
16.9107400000
16.9076800000
16.9046100000
16.9015400000
16.8984800000
16.8954100000
16.8923400000
16.8892700000
16.8861900000
16.8831200000
16.8800400000
16.8769700000
16.8738900000
16.8708200000
16.8677400000
16.8646700000
16.8616000000
16.8585200000
16.8554500000
16.8523700000
16.8493000000
16.8462200000
16.8431500000
16.8400700000
16.8370000000
16.8339200000
16.8308300000
16.8277500000
16.8246700000
16.8215900000
16.8185000000
16.8154200000
16.8123400000
16.8092400000
16.8061400000
16.8030500000
16.7999500000
16.7968500000
16.7937500000
16.7906600000
16.7875500000
16.7844500000
16.7813400000
16.7782400000
16.7751300000
16.7720300000
16.7689200000
16.7658200000
16.7627100000
16.7596100000
16.7565000000
16.7534000000
16.7502900000
16.7471800000
16.7440800000
16.7409700000
16.7378700000
16.7347600000
16.7316400000
16.7285300000
16.7254200000
16.7223100000
16.7191900000
16.7160800000
16.7129700000
16.7098500000
16.7067400000
16.7036300000
16.7005000000
16.6973700000
16.6942400000
16.6911000000
16.6879700000
16.6848300000
16.6816900000
16.6785600000
16.6754200000
16.6722900000
16.6691400000
16.6660000000
16.6628600000
16.6597100000
16.6565700000
16.6534300000
16.6502800000
16.6471400000
16.6440000000
16.6408500000
16.6376900000
16.6345200000
16.6313600000
16.6281900000
16.6250200000
16.6218600000
16.6186900000
16.6155200000
16.6123600000
16.6091900000
16.6060300000
16.6028600000
16.5996900000
16.5965100000
16.5933400000
16.5901600000
16.5869900000
16.5838200000
16.5806400000
16.5774700000
16.5743000000
16.5711200000
16.5679500000
16.5647700000
16.5615900000
16.5584000000
16.5552000000
16.5520000000
16.5488100000
16.5456100000
16.5424100000
16.5392200000
16.5360200000
16.5328200000
16.5296200000
16.5264300000
16.5232200000
16.5200200000
16.5168200000
16.5136100000
16.5104100000
16.5072000000
16.5040000000
16.5007900000
16.4975900000
16.4943800000
16.4911800000
16.4879800000
16.4847700000
16.4815700000
16.4783600000
16.4751500000
16.4719400000
16.4687300000
16.4655200000
16.4623000000
16.4590900000
16.4558600000
16.4526400000
16.4494100000
16.4461800000
16.4429600000
16.4397300000
16.4365000000
16.4332700000
16.4300500000
16.4268200000
16.4235900000
16.4203600000
16.4171300000
16.4138900000
16.4106600000
16.4074200000
16.4041900000
16.4009600000
16.3977200000
16.3944900000
16.3912500000
16.3880200000
16.3847800000
16.3815500000
16.3783100000
16.3750700000
16.3718100000
16.3685500000
16.3653000000
16.3620400000
16.3587800000
16.3555200000
16.3522600000
16.3490100000
16.3457500000
16.3424900000
16.3392300000
16.3359700000
16.3327000000
16.3294400000
16.3261700000
16.3229100000
16.3196400000
16.3163800000
16.3131000000
16.3098100000
16.3065300000
16.3032500000
16.2999600000
16.2966700000
16.2933800000
16.2900900000
16.2868000000
16.2835200000
16.2802300000
16.2769400000
16.2736500000
16.2703600000
16.2670600000
16.2637600000
16.2604700000
16.2571600000
16.2538500000
16.2505300000
16.2472200000
16.2439100000
16.2406000000
16.2372900000
16.2339800000
16.2306700000
16.2273600000
16.2240400000
16.2207200000
16.2174000000
16.2140800000
16.2107600000
16.2074400000
16.2041200000
16.2008100000
16.1974900000
16.1941700000
16.1908500000
16.1875300000
16.1842100000
16.1808900000
16.1775700000
16.1742400000
16.1709100000
16.1675900000
16.1642600000
16.1609300000
16.1576100000
16.1542700000
16.1509200000
16.1475800000
16.1442300000
16.1408800000
16.1375400000
16.1341900000
16.1308400000
16.1274900000
16.1241400000
16.1207900000
16.1174400000
16.1140900000
16.1107300000
16.1073800000
16.1040200000
16.1006600000
16.0973100000
16.0939500000
16.0905900000
16.0872300000
16.0838800000
16.0805200000
16.0771600000
16.0738000000
16.0704300000
16.0670700000
16.0637100000
16.0603300000
16.0569500000
16.0535700000
16.0501900000
16.0468100000
16.0434300000
16.0400500000
16.0366600000
16.0332700000
16.0298800000
16.0265000000
16.0231100000
16.0197200000
16.0163300000
16.0129500000
16.0095600000
16.0061700000
16.0027800000
15.9994000000
15.9960000000
15.9926100000
15.9892100000
15.9858200000
15.9824200000
15.9790300000
15.9756300000
15.9722400000
15.9688400000
15.9654300000
15.9620200000
15.9586000000
15.9551900000
15.9517700000
15.9483500000
15.9449300000
15.9415100000
15.9381000000
15.9346800000
15.9312600000
15.9278400000
15.9244200000
15.9210000000
15.9175700000
15.9141500000
15.9107200000
15.9073000000
15.9038700000
15.9004400000
15.8970200000
15.8935900000
15.8901700000
15.8867400000
15.8833200000
15.8798800000
15.8764400000
15.8729900000
15.8695400000
15.8660900000
15.8626400000
15.8591900000
15.8557400000
15.8523000000
15.8488500000
15.8454000000
15.8419400000
15.8384900000
15.8350300000
15.8315700000
15.8281200000
15.8246600000
15.8212100000
15.8177500000
15.8142900000
15.8108200000
15.8073500000
15.8038700000
15.8003900000
15.7969100000
15.7934400000
15.7899600000
15.7864800000
15.7830000000
15.7795200000
15.7760400000
15.7725600000
15.7690800000
15.7656000000
15.7621100000
15.7586200000
15.7551400000
15.7516500000
15.7481600000
15.7446600000
15.7411600000
15.7376600000
15.7341500000
15.7306500000
15.7271500000
15.7236500000
15.7201400000
15.7166300000
15.7131200000
15.7096100000
15.7061000000
15.7025900000
15.6990800000
15.6955700000
15.6920600000
15.6885500000
15.6850400000
15.6815300000
15.6780200000
15.6745000000
15.6709800000
15.6674500000
15.6639200000
15.6603900000
15.6568500000
15.6533200000
15.6497900000
15.6462600000
15.6427200000
15.6391800000
15.6356400000
15.6321000000
15.6285600000
15.6250200000
15.6214800000
15.6179400000
15.6144000000
15.6108600000
15.6073200000
15.6037800000
15.6002100000
15.5966500000
15.5930900000
15.5895200000
15.5859600000
15.5824000000
15.5788400000
15.5752700000
15.5717100000
15.5681400000
15.5645700000
15.5610000000
15.5574300000
15.5538600000
15.5502900000
15.5467200000
15.5431500000
15.5395700000
15.5360000000
15.5324000000
15.5288100000
15.5252200000
15.5216200000
15.5180300000
15.5144400000
15.5108400000
15.5072500000
15.5036500000
15.5000500000
15.4964500000
15.4928400000
15.4892400000
15.4856400000
15.4820400000
15.4784400000
15.4748400000
15.4712400000
15.4676300000
15.4640200000
15.4604100000
15.4568000000
15.4531800000
15.4495600000
15.4459300000
15.4423100000
15.4386800000
15.4350600000
15.4314300000
15.4278000000
15.4241600000
15.4205300000
15.4169000000
15.4132700000
15.4096400000
15.4060100000
15.4023800000
15.3987400000
15.3951100000
15.3914800000
15.3878400000
15.3842000000
15.3805600000
15.3769200000
15.3732800000
15.3696500000
15.3660100000
15.3623500000
15.3587000000
15.3550400000
15.3513900000
15.3477300000
15.3440700000
15.3404100000
15.3367500000
15.3330900000
15.3294200000
15.3257600000
15.3221000000
15.3184400000
15.3147700000
15.3111100000
15.3074500000
15.3037900000
15.3001200000
15.2964500000
15.2927800000
15.2891100000
15.2854200000
15.2817400000
15.2780500000
15.2743700000
15.2706800000
15.2670000000
15.2633100000
15.2596100000
15.2559200000
15.2522300000
15.2485400000
15.2448400000
15.2411500000
15.2374600000
15.2337700000
15.2300700000
15.2263800000
15.2226800000
15.2189800000
15.2152600000
15.2115500000
15.2078300000
15.2041200000
15.2004000000
15.1966900000
15.1929700000
15.1892500000
15.1855200000
15.1818000000
15.1780800000
15.1743600000
15.1706300000
15.1669100000
15.1631900000
15.1594600000
15.1557200000
15.1519900000
15.1482600000
15.1445300000
15.1407900000
15.1370400000
15.1332900000
15.1295500000
15.1257900000
15.1220400000
15.1182900000
15.1145300000
15.1107800000
15.1070300000
15.1032700000
15.0995200000
15.0957600000
15.0920000000
15.0882300000
15.0844700000
15.0807100000
15.0769500000
15.0731900000
15.0694100000
15.0656400000
15.0618500000
15.0580700000
15.0542800000
15.0505000000
15.0467200000
15.0429300000
15.0391500000
15.0353600000
15.0315700000
15.0277800000
15.0239900000
15.0202000000
15.0164000000
15.0126100000
15.0088200000
15.0050300000
15.0012400000
14.9974500000
14.9936300000
14.9898200000
14.9860000000
14.9821900000
14.9783700000
14.9745600000
14.9707400000
14.9669300000
14.9631100000
14.9593000000
14.9554800000
14.9516600000
14.9478400000
14.9440200000
14.9401900000
14.9363700000
14.9325500000
14.9287300000
14.9249000000
14.9210800000
14.9172600000
14.9134400000
14.9096200000
14.9057900000
14.9019500000
14.8981000000
14.8942600000
14.8904100000
14.8865700000
14.8827200000
14.8788800000
14.8750300000
14.8711900000
14.8673300000
14.8634800000
14.8596300000
14.8557700000
14.8519200000
14.8480700000
14.8442200000
14.8403500000
14.8364700000
14.8326000000
14.8287200000
14.8248500000
14.8209700000
14.8170900000
14.8132200000
14.8093400000
14.8054600000
14.8015800000
14.7976900000
14.7938100000
14.7899100000
14.7860100000
14.7821100000
14.7782100000
14.7743000000
14.7703900000
14.7664900000
14.7625800000
14.7586800000
14.7547700000
14.7508600000
14.7469500000
14.7430400000
14.7391200000
14.7352100000
14.7312800000
14.7273500000
14.7234200000
14.7194900000
14.7155500000
14.7116200000
14.7076800000
14.7037400000
14.6998100000
14.6958700000
14.6919300000
14.6880000000
14.6840600000
14.6801200000
14.6761800000
14.6722300000
14.6682900000
14.6643500000
14.6604000000
14.6564400000
14.6524800000
14.6485200000
14.6445600000
14.6405900000
14.6366200000
14.6326500000
14.6286900000
14.6247200000
14.6207500000
14.6167800000
14.6128100000
14.6088300000
14.6048600000
14.6008800000
14.5969100000
14.5929300000
14.5889600000
14.5849800000
14.5810000000
14.5770000000
14.5730100000
14.5690100000
14.5650100000
14.5610100000
14.5570200000
14.5530200000
14.5490200000
14.5450100000
14.5410100000
14.5370000000
14.5330000000
14.5289900000
14.5249900000
14.5209800000
14.5169800000
14.5129700000
14.5089600000
14.5049400000
14.5009300000
14.4969200000
14.4929100000
14.4888800000
14.4848500000
14.4808200000
14.4767800000
14.4727500000
14.4687100000
14.4646800000
14.4606400000
14.4566000000
14.4525700000
14.4485300000
14.4444900000
14.4404500000
14.4364000000
14.4323600000
14.4283200000
14.4242700000
14.4202300000
14.4161700000
14.4121100000
14.4080400000
14.4039800000
14.3999100000
14.3958400000
14.3917800000
14.3877100000
14.3836500000
14.3795800000
14.3755000000
14.3714300000
14.3673600000
14.3632800000
14.3592100000
14.3551300000
14.3510400000
14.3469600000
14.3428600000
14.3387600000
14.3346600000
14.3305700000
14.3264700000
14.3223700000
14.3182800000
14.3141800000
14.3100700000
14.3059700000
14.3018700000
14.2977600000
14.2936400000
14.2895200000
14.2854000000
14.2812800000
14.2771600000
14.2730300000
14.2689100000
14.2647800000
14.2606500000
14.2565200000
14.2524000000
14.2482700000
14.2441400000
14.2400100000
14.2358800000
14.2317300000
14.2275800000
14.2234300000
14.2192800000
14.2151300000
14.2109800000
14.2068300000
14.2026700000
14.1985100000
14.1943500000
14.1901900000
14.1860400000
14.1818800000
14.1777200000
14.1735600000
14.1693800000
14.1652000000
14.1610200000
14.1568400000
14.1526600000
14.1484800000
14.1443000000
14.1401100000
14.1359200000
14.1317300000
14.1275400000
14.1233500000
14.1191600000
14.1149800000
14.1107800000
14.1065700000
14.1023600000
14.0981500000
14.0939300000
14.0897200000
14.0855100000
14.0812900000
14.0770700000
14.0728500000
14.0686300000
14.0644200000
14.0602000000
14.0559800000
14.0517600000
14.0475300000
14.0433100000
14.0390800000
14.0348400000
14.0305900000
14.0263500000
14.0221100000
14.0178700000
14.0136300000
14.0093800000
14.0051300000
14.0008800000
13.9966300000
13.9923800000
13.9881300000
13.9838800000
13.9796300000
13.9753700000
13.9711200000
13.9668600000
13.9626000000
13.9583400000
13.9540900000
13.9498100000
13.9455400000
13.9412700000
13.9369900000
13.9327100000
13.9284300000
13.9241500000
13.9198700000
13.9155900000
13.9113100000
13.9070300000
13.9027400000
13.8984500000
13.8941700000
13.8898600000
13.8855600000
13.8812600000
13.8769500000
13.8726400000
13.8683300000
13.8640200000
13.8597100000
13.8554000000
13.8510900000
13.8467800000
13.8424600000
13.8381300000
13.8337900000
13.8294600000
13.8251300000
13.8207900000
13.8164600000
13.8121200000
13.8077800000
13.8034400000
13.7991000000
13.7947500000
13.7904100000
13.7860700000
13.7817100000
13.7773400000
13.7729800000
13.7686200000
13.7642500000
13.7598900000
13.7555200000
13.7511500000
13.7467800000
13.7424100000
13.7380400000
13.7336700000
13.7292900000
13.7249200000
13.7205200000
13.7161300000
13.7117300000
13.7073400000
13.7029400000
13.6985500000
13.6941500000
13.6897400000
13.6853400000
13.6809400000
13.6765400000
13.6721400000
13.6677300000
13.6633300000
13.6589200000
13.6545100000
13.6501000000
13.6456800000
13.6412500000
13.6368300000
13.6324000000
13.6279700000
13.6235400000
13.6191000000
13.6146700000
13.6102400000
13.6058000000
13.6013600000
13.5969200000
13.5924800000
13.5880400000
13.5835800000
13.5791300000
13.5746600000
13.5702000000
13.5657400000
13.5612700000
13.5568100000
13.5523500000
13.5478800000
13.5434100000
13.5389400000
13.5344700000
13.5300000000
13.5255300000
13.5210600000
13.5165700000
13.5120900000
13.5075900000
13.5031000000
13.4986000000
13.4941100000
13.4896200000
13.4851200000
13.4806300000
13.4761400000
13.4716300000
13.4671300000
13.4626300000
13.4581300000
13.4536300000
13.4491300000
13.4446300000
13.4401100000
13.4355900000
13.4310600000
13.4265400000
13.4220100000
13.4174900000
13.4129600000
13.4084400000
13.4039100000
13.3993800000
13.3948500000
13.3903100000
13.3857800000
13.3812500000
13.3767200000
13.3721800000
13.3676200000
13.3630700000
13.3585100000
13.3539600000
13.3494000000
13.3448500000
13.3402900000
13.3357200000
13.3311600000
13.3266000000
13.3220400000
13.3174800000
13.3129100000
13.3083400000
13.3037500000
13.2991600000
13.2945800000
13.2899900000
13.2854100000
13.2808200000
13.2762300000
13.2716400000
13.2670500000
13.2624500000
13.2578600000
13.2532500000
13.2486400000
13.2440200000
13.2394000000
13.2347900000
13.2301700000
13.2255600000
13.2209400000
13.2163200000
13.2116900000
13.2070700000
13.2024500000
13.1978200000
13.1931800000
13.1885500000
13.1839000000
13.1792500000
13.1746100000
13.1699600000
13.1653100000
13.1606700000
13.1560200000
13.1513700000
13.1467100000
13.1420600000
13.1374100000
13.1327500000
13.1281000000
13.1234400000
13.1187900000
13.1141400000
13.1094800000
13.1048200000
13.1001400000
13.0954700000
13.0907900000
13.0861100000
13.0814400000
13.0767600000
13.0720800000
13.0674000000
13.0627100000
13.0580300000
13.0533500000
13.0486600000
13.0439800000
13.0392900000
13.0346000000
13.0299100000
13.0252000000
13.0204900000
13.0157900000
13.0110800000
13.0063600000
13.0016500000
12.9969300000
12.9922200000
12.9875000000
12.9827900000
12.9780700000
12.9733500000
12.9686100000
12.9638800000
12.9591400000
12.9544000000
12.9496600000
12.9449200000
12.9401700000
12.9354300000
12.9306800000
12.9259300000
12.9211900000
12.9164400000
12.9116900000
12.9069200000
12.9021500000
12.8973900000
12.8926200000
12.8878500000
12.8830800000
12.8783100000
12.8735400000
12.8687600000
12.8639800000
12.8592100000
12.8544300000
12.8496600000
12.8448800000
12.8401000000
12.8353000000
12.8305000000
12.8257000000
12.8209000000
12.8161000000
12.8113000000
12.8065000000
12.8017100000
12.7969000000
12.7920900000
12.7872900000
12.7824800000
12.7776700000
12.7728700000
12.7680600000
12.7632500000
12.7584500000
12.7536300000
12.7488200000
12.7440000000
12.7391900000
12.7343800000
12.7295500000
12.7247200000
12.7198900000
12.7150600000
12.7102200000
12.7053800000
12.7005500000
12.6957100000
12.6908700000
12.6860400000
12.6812000000
12.6763600000
12.6715300000
12.6666900000
12.6618400000
12.6570000000
12.6521500000
12.6472900000
12.6424300000
12.6375700000
12.6327100000
12.6278500000
12.6229900000
12.6181300000
12.6132700000
12.6084000000
12.6035300000
12.5986600000
12.5938000000
12.5889300000
12.5840600000
12.5791900000
12.5743300000
12.5694600000
12.5645900000
12.5597200000
12.5548400000
12.5499500000
12.5450600000
12.5401700000
12.5352800000
12.5303900000
12.5255000000
12.5206100000
12.5157200000
12.5108200000
12.5059200000
12.5010200000
12.4961300000
12.4912300000
12.4863300000
12.4814300000
12.4765300000
12.4716300000
12.4667400000
12.4618400000
12.4569400000
12.4520300000
12.4471300000
12.4422200000
12.4373200000
12.4324000000
12.4274800000
12.4225500000
12.4176300000
12.4127100000
12.4077900000
12.4028700000
12.3979500000
12.3930300000
12.3881100000
12.3831800000
12.3782500000
12.3733200000
12.3683900000
12.3634700000
12.3585400000
12.3536100000
12.3486800000
12.3437500000
12.3388200000
12.3338900000
12.3289700000
12.3240400000
12.3191100000
12.3141800000
12.3092500000
12.3043200000
12.2993900000
12.2944700000
12.2895400000
12.2846000000
12.2796500000
12.2747000000
12.2697500000
12.2647900000
12.2598400000
12.2548900000
12.2499400000
12.2449900000
12.2400400000
12.2350900000
12.2301300000
12.2251800000
12.2202300000
12.2152800000
12.2103300000
12.2053800000
12.2004300000
12.1954700000
12.1905200000
12.1855700000
12.1806200000
12.1756700000
12.1707200000
12.1657600000
12.1608100000
12.1558600000
12.1509100000
12.1459600000
12.1410100000
12.1360600000
12.1311000000
12.1261500000
12.1212000000
12.1162500000
12.1113000000
12.1063500000
12.1014000000
12.0964400000
12.0914900000
12.0865400000
12.0815900000
12.0766400000
12.0716900000
12.0667400000
12.0617800000
12.0568300000
12.0518800000
12.0469300000
12.0419800000
12.0370300000
12.0320700000
12.0271200000
12.0221700000
12.0172200000
12.0122800000
12.0073300000
12.0024000000
11.9974800000
11.9925500000
11.9876200000
11.9826900000
11.9777600000
11.9728300000
11.9679000000
11.9629800000
11.9580500000
11.9531200000
11.9481900000
11.9432600000
11.9383300000
11.9334000000
11.9284800000
11.9235500000
11.9186200000
11.9137000000
11.9087800000
11.9038600000
11.8989300000
11.8940100000
11.8890900000
11.8841700000
11.8792500000
11.8743400000
11.8694400000
11.8645300000
11.8596400000
11.8547400000
11.8498400000
11.8449400000
11.8400400000
11.8351400000
11.8302500000
11.8253500000
11.8204600000
11.8155700000
11.8106800000
11.8057900000
11.8009000000
11.7960100000
11.7911300000
11.7862600000
11.7813800000
11.7765100000
11.7716500000
11.7667800000
11.7619100000
11.7570400000
11.7521800000
11.7473100000
11.7424400000
11.7375800000
11.7327200000
11.7278600000
11.7230000000
11.7181400000
11.7133000000
11.7084500000
11.7036100000
11.6987800000
11.6939400000
11.6891000000
11.6842700000
11.6794300000
11.6745900000
11.6697500000
11.6649300000
11.6601000000
11.6552700000
11.6504400000
11.6456100000
11.6407900000
11.6359900000
11.6311800000
11.6263700000
11.6215700000
11.6167600000
11.6119600000
11.6071600000
11.6023600000
11.5975700000
11.5927700000
11.5879800000
11.5832000000
11.5784200000
11.5736500000
11.5688700000
11.5641000000
11.5593300000
11.5545700000
11.5498000000
11.5450400000
11.5402900000
11.5355500000
11.5308000000
11.5260600000
11.5213200000
11.5165800000
11.5118400000
11.5071100000
11.5023800000
11.4976700000
11.4929500000
11.4882400000
11.4835400000
11.4788300000
11.4741200000
11.4694100000
11.4647300000
11.4600500000
11.4553600000
11.4506800000
11.4460000000
11.4413200000
11.4366500000
11.4319800000
11.4273300000
11.4226800000
11.4180200000
11.4133700000
11.4087200000
11.4040800000
11.3994300000
11.3948000000
11.3901800000
11.3855500000
11.3809300000
11.3763100000
11.3716900000
11.3670700000
11.3624700000
11.3578700000
11.3532800000
11.3486900000
11.3440900000
11.3395000000
11.3349200000
11.3303500000
11.3257800000
11.3212100000
11.3166500000
11.3120900000
11.3075300000
11.3029700000
11.2984300000
11.2938900000
11.2893500000
11.2848200000
11.2802900000
11.2757600000
11.2712300000
11.2667200000
11.2622200000
11.2577100000
11.2532100000
11.2487000000
11.2442000000
11.2397100000
11.2352300000
11.2307500000
11.2262800000
11.2218100000
11.2173400000
11.2128700000
11.2084200000
11.2039700000
11.1995200000
11.1950800000
11.1906400000
11.1862000000
11.1817700000
11.1773500000
11.1729400000
11.1685300000
11.1641200000
11.1597100000
11.1553000000
11.1509200000
11.1465300000
11.1421500000
11.1377700000
11.1333900000
11.1290100000
11.1246400000
11.1202900000
11.1159300000
11.1115800000
11.1072300000
11.1028800000
11.0985400000
11.0942200000
11.0898900000
11.0855700000
11.0812500000
11.0769400000
11.0726300000
11.0683400000
11.0640500000
11.0597600000
11.0554700000
11.0511900000
11.0469100000
11.0426500000
11.0383900000
11.0341300000
11.0298800000
11.0256300000
11.0213900000
11.0171600000
11.0129300000
11.0087100000
11.0044800000
11.0002600000
10.9960600000
10.9918500000
10.9876600000
10.9834600000
10.9792700000
10.9750800000
10.9708900000
10.9667300000
10.9625600000
10.9584000000
10.9542400000
10.9500800000
10.9459200000
10.9417900000
10.9376500000
10.9335200000
10.9293900000
10.9252600000
10.9211400000
10.9170300000
10.9129300000
10.9088200000
10.9047300000
10.9006300000
10.8965300000
10.8924400000
10.8883700000
10.8842900000
10.8802300000
10.8761600000
10.8720900000
10.8680400000
10.8639900000
10.8599500000
10.8559100000
10.8518800000
10.8478400000
10.8438100000
10.8398000000
10.8357900000
10.8317800000
10.8277800000
10.8237700000
10.8197700000
10.8157900000
10.8118100000
10.8078300000
10.8038600000
10.7998800000
10.7959200000
10.7919700000
10.7880200000
10.7840700000
10.7801200000
10.7761800000
10.7722500000
10.7683300000
10.7644100000
10.7604800000
10.7565700000
10.7526600000
10.7487600000
10.7448700000
10.7409800000
10.7370800000
10.7332000000
10.7293200000
10.7254500000
10.7215900000
10.7177300000
10.7138700000
10.7100200000
10.7061800000
10.7023400000
10.6985100000
10.6946800000
10.6908500000
10.6870300000
10.6832200000
10.6794100000
10.6756100000
10.6718100000
10.6680200000
10.6642200000
10.6604500000
10.6566700000
10.6529000000
10.6491300000
10.6453600000
10.6416000000
10.6378600000
10.6341100000
10.6303700000
10.6266300000
10.6229000000
10.6191600000
10.6154500000
10.6117300000
10.6080300000
10.6043200000
10.6006100000
10.5969100000
10.5932200000
10.5895400000
10.5858600000
10.5821800000
10.5785100000
10.5748300000
10.5711800000
10.5675200000
10.5638700000
10.5602200000
10.5565700000
10.5529300000
10.5492900000
10.5456600000
10.5420400000
10.5384200000
10.5348100000
10.5311900000
10.5275700000
10.5239600000
10.5203600000
10.5167600000
10.5131700000
10.5095800000
10.5060000000
10.5024100000
10.4988300000
10.4952600000
10.4916800000
10.4881200000
10.4845600000
10.4810000000
10.4774500000
10.4739000000
10.4703500000
10.4668200000
10.4633000000
10.4597700000
10.4562500000
10.4527200000
10.4492100000
10.4456900000
10.4421700000
10.4386700000
10.4351700000
10.4316800000
10.4281900000
10.4246900000
10.4212100000
10.4177200000
10.4142500000
10.4107800000
10.4073100000
10.4038500000
10.4003800000
10.3969300000
10.3934700000
10.3900200000
10.3865800000
10.3831400000
10.3797100000
10.3762800000
10.3728400000
10.3694200000
10.3659900000
10.3625800000
10.3591700000
10.3557700000
10.3523700000
10.3489600000
10.3455600000
10.3421600000
10.3387700000
10.3353900000
10.3320200000
10.3286500000
10.3252700000
