22.5000000000
22.4999900000
22.5000100000
22.5000000000
22.4999500000
22.4999500000
22.4999500000
22.4999500000
22.4999100000
22.4999100000
22.4999100000
22.4999100000
22.4999100000
22.4999100000
22.4999100000
22.4999100000
22.4999100000
22.4998400000
22.4998400000
22.4998400000
22.4998400000
22.4998400000
22.4998400000
22.4998400000
22.4998400000
22.4998400000
22.4997500000
22.4996300000
22.4994700000
22.4992900000
22.4990700000
22.4988300000
22.4985600000
22.4982700000
22.4979800000
22.4976900000
22.4974100000
22.4971400000
22.4968800000
22.4966400000
22.4964100000
22.4962100000
22.4960300000
22.4958500000
22.4956900000
22.4955300000
22.4953800000
22.4952400000
22.4951000000
22.4949800000
22.4948700000
22.4947500000
22.4946500000
22.4945500000
22.4944700000
22.4943800000
22.4943200000
22.4942600000
22.4942000000
22.4941400000
22.4940900000
22.4940500000
22.4940000000
22.4939600000
22.4939100000
22.4938600000
22.4938000000
22.4937500000
22.4937000000
22.4936200000
22.4935500000
22.4934600000
22.4933800000
22.4932900000
22.4931900000
22.4930800000
22.4929700000
22.4928600000
22.4927400000
22.4926200000
22.4924900000
22.4923500000
22.4922000000
22.4920600000
22.4919100000
22.4917500000
22.4916000000
22.4914400000
22.4912800000
22.4911200000
22.4909500000
22.4907800000
22.4906200000
22.4904500000
22.4902700000
22.4901000000
22.4899200000
22.4897500000
22.4895700000
22.4894000000
22.4892100000
22.4890300000
22.4888500000
22.4886600000
22.4884800000
22.4883000000
22.4881100000
22.4879300000
22.4877500000
22.4875600000
22.4873800000
22.4872000000
22.4870100000
22.4868300000
22.4866500000
22.4864700000
22.4862800000
22.4861100000
22.4859500000
22.4857800000
22.4856000000
22.4854300000
22.4852500000
22.4850800000
22.4849000000
22.4847300000
22.4845500000
22.4843800000
22.4842000000
22.4840200000
22.4838300000
22.4836500000
22.4834700000
22.4832800000
22.4831000000
22.4829200000
22.4827300000
22.4825400000
22.4823500000
22.4821500000
22.4819600000
22.4817700000
22.4815800000
22.4813800000
22.4811900000
22.4809900000
22.4807900000
22.4805900000
22.4803900000
22.4801900000
22.4800000000
22.4797900000
22.4795800000
22.4793800000
22.4791700000
22.4789700000
22.4787600000
22.4785500000
22.4783500000
22.4781300000
22.4779200000
22.4777100000
22.4774900000
22.4772800000
22.4770700000
22.4768500000
22.4766400000
22.4764300000
22.4762000000
22.4759800000
22.4757600000
22.4755400000
22.4753200000
22.4751000000
22.4748800000
22.4746600000
22.4744300000
22.4742100000
22.4739800000
22.4737500000
22.4735200000
22.4732900000
22.4730600000
22.4728300000
22.4726000000
22.4723700000
22.4721400000
22.4719000000
22.4716600000
22.4714300000
22.4711900000
22.4709500000
22.4707200000
22.4704800000
22.4702500000
22.4700100000
22.4697600000
22.4695200000
22.4692800000
22.4690300000
22.4687900000
22.4685400000
22.4683000000
22.4680600000
22.4678100000
22.4675600000
22.4673100000
22.4670600000
22.4668000000
22.4665500000
22.4663000000
22.4660500000
22.4658000000
22.4655500000
22.4652900000
22.4650300000
22.4647800000
22.4645200000
22.4642600000
22.4640000000
22.4637400000
22.4634800000
22.4632200000
22.4629600000
22.4627000000
22.4624300000
22.4621700000
22.4619000000
22.4616300000
22.4613600000
22.4611000000
22.4608300000
22.4605600000
22.4603000000
22.4600300000
22.4597500000
22.4594800000
22.4592100000
22.4589300000
22.4586600000
22.4583800000
22.4581100000
22.4578300000
22.4575600000
22.4572800000
22.4570100000
22.4567300000
22.4564400000
22.4561600000
22.4558800000
22.4556000000
22.4553100000
22.4550300000
22.4547500000
22.4544700000
22.4541900000
22.4539000000
22.4536100000
22.4533200000
22.4530300000
22.4527400000
22.4524500000
22.4521600000
22.4518700000
22.4515800000
22.4512900000
22.4510000000
22.4507000000
22.4504000000
22.4501000000
22.4498100000
22.4495100000
22.4492100000
22.4489100000
22.4486200000
22.4483200000
22.4480200000
22.4477200000
22.4474200000
22.4471100000
22.4468100000
22.4465000000
22.4462000000
22.4458900000
22.4455900000
22.4452800000
22.4449800000
22.4446700000
22.4443700000
22.4440500000
22.4437400000
22.4434300000
22.4431200000
22.4428000000
22.4424900000
22.4421800000
22.4418600000
22.4415500000
22.4412400000
22.4409300000
22.4406100000
22.4402900000
22.4399700000
22.4396500000
22.4393300000
22.4390100000
22.4386900000
22.4383700000
22.4380500000
22.4377300000
22.4374100000
22.4370900000
22.4367600000
22.4364300000
22.4361000000
22.4357800000
22.4354500000
22.4351200000
22.4347900000
22.4344600000
22.4341400000
22.4338100000
22.4334800000
22.4331500000
22.4328200000
22.4324800000
22.4321400000
22.4318100000
22.4314700000
22.4311400000
22.4308000000
22.4304700000
22.4301300000
22.4297900000
22.4294600000
22.4291200000
22.4287800000
22.4284400000
22.4280900000
22.4277500000
22.4274100000
22.4270600000
22.4267200000
22.4263800000
22.4260300000
22.4256900000
22.4253500000
22.4250000000
22.4246600000
22.4243100000
22.4239600000
22.4236100000
22.4232600000
22.4229000000
22.4225500000
22.4222000000
22.4218500000
22.4215000000
22.4211500000
22.4208000000
22.4204500000
22.4201000000
22.4197500000
22.4193900000
22.4190300000
22.4186700000
22.4183100000
22.4179500000
22.4175900000
22.4172400000
22.4168800000
22.4165200000
22.4161600000
22.4158000000
22.4154400000
22.4150800000
22.4147200000
22.4143500000
22.4139900000
22.4136200000
22.4132500000
22.4128900000
22.4125200000
22.4121600000
22.4117900000
22.4114200000
22.4110600000
22.4106900000
22.4103300000
22.4099700000
22.4096100000
22.4092600000
22.4089000000
22.4085400000
22.4081800000
22.4078200000
22.4074600000
22.4071000000
22.4067500000
22.4063900000
22.4060300000
22.4056700000
22.4053100000
22.4049500000
22.4045900000
22.4042300000
22.4038600000
22.4034700000
22.4030800000
22.4026900000
22.4023000000
22.4019000000
22.4015000000
22.4010900000
22.4006700000
22.4002500000
22.3998200000
22.3993900000
22.3989600000
22.3985200000
22.3980900000
22.3976500000
22.3972200000
22.3967800000
22.3963500000
22.3959100000
22.3954800000
22.3950400000
22.3946100000
22.3941700000
22.3937400000
22.3933200000
22.3929000000
22.3924800000
22.3920600000
22.3916500000
22.3912400000
22.3908200000
22.3904100000
22.3900000000
22.3895900000
22.3891800000
22.3887600000
22.3883500000
22.3879400000
22.3875300000
22.3871200000
22.3867000000
22.3862900000
22.3858800000
22.3854700000
22.3850600000
22.3846400000
22.3842300000
22.3838100000
22.3833900000
22.3829700000
22.3825500000
22.3821300000
22.3817100000
22.3812800000
22.3808500000
22.3804200000
22.3800000000
22.3795600000
22.3791300000
22.3786900000
22.3782600000
22.3778200000
22.3773900000
22.3769500000
22.3765000000
22.3760600000
22.3756200000
22.3751600000
22.3747000000
22.3742400000
22.3737800000
22.3733100000
22.3728500000
22.3723800000
22.3719200000
22.3714500000
22.3709900000
22.3705200000
22.3700600000
22.3695900000
22.3691300000
22.3686700000
22.3682100000
22.3677500000
22.3672900000
22.3668400000
22.3663800000
22.3659200000
22.3654800000
22.3650400000
22.3645900000
22.3641600000
22.3637200000
22.3632900000
22.3628500000
22.3624200000
22.3619800000
22.3615500000
22.3611100000
22.3606800000
22.3602400000
22.3598300000
22.3594100000
22.3589900000
22.3585400000
22.3581000000
22.3576600000
22.3572200000
22.3567700000
22.3563300000
22.3558900000
22.3554500000
22.3550000000
22.3545500000
22.3541000000
22.3536500000
22.3532000000
22.3527500000
22.3522900000
22.3518400000
22.3513600000
22.3508900000
22.3504200000
22.3499500000
22.3494600000
22.3489800000
22.3485000000
22.3480200000
22.3475400000
22.3470600000
22.3465800000
22.3460900000
22.3456000000
22.3451200000
22.3446300000
22.3441400000
22.3436500000
22.3431600000
22.3426700000
22.3421900000
22.3417000000
22.3412100000
22.3407200000
22.3402300000
22.3397400000
22.3392600000
22.3387700000
22.3382800000
22.3377900000
22.3373000000
22.3368100000
22.3363300000
22.3358400000
22.3353500000
22.3348600000
22.3343700000
22.3338900000
22.3334000000
22.3329000000
22.3324100000
22.3319100000
22.3314100000
22.3309200000
22.3304200000
22.3299300000
22.3294300000
22.3289300000
22.3284400000
22.3279400000
22.3274500000
22.3269500000
22.3264500000
22.3259600000
22.3254600000
22.3249700000
22.3244700000
22.3239700000
22.3234600000
22.3229400000
22.3224300000
22.3219100000
22.3213900000
22.3208700000
22.3203500000
22.3198300000
22.3193100000
22.3187900000
22.3182800000
22.3177600000
22.3172400000
22.3167200000
22.3161900000
22.3156700000
22.3151400000
22.3146100000
22.3140900000
22.3135600000
22.3130300000
22.3125100000
22.3119800000
22.3114500000
22.3109300000
22.3104000000
22.3098800000
22.3093500000
22.3088200000
22.3083000000
22.3077700000
22.3072400000
22.3067200000
22.3061900000
22.3056600000
22.3051400000
22.3046000000
22.3040700000
22.3035400000
22.3030000000
22.3024700000
22.3019300000
22.3014000000
22.3008700000
22.3003300000
22.2998000000
22.2992600000
22.2987300000
22.2981900000
22.2976600000
22.2971200000
22.2965800000
22.2960400000
22.2954900000
22.2949500000
22.2944100000
22.2938700000
22.2933300000
22.2927900000
22.2922400000
22.2917000000
22.2911600000
22.2906200000
22.2900800000
22.2895400000
22.2889900000
22.2884400000
22.2879000000
22.2873500000
22.2868000000
22.2862500000
22.2857000000
22.2851500000
22.2846000000
22.2840500000
22.2835000000
22.2829500000
22.2824000000
22.2818500000
22.2813000000
22.2807400000
22.2801800000
22.2796200000
22.2790500000
22.2784800000
22.2779100000
22.2773400000
22.2767600000
22.2761900000
22.2756100000
22.2750300000
22.2744500000
22.2738700000
22.2732900000
22.2727100000
22.2721300000
22.2715500000
22.2709700000
22.2703900000
22.2698100000
22.2692300000
22.2686500000
22.2680700000
22.2674900000
22.2669100000
22.2663300000
22.2657500000
22.2651700000
22.2646000000
22.2640200000
22.2634400000
22.2628600000
22.2622800000
22.2616900000
22.2611000000
22.2605100000
22.2599300000
22.2593400000
22.2587500000
22.2581600000
22.2575800000
22.2569900000
22.2564000000
22.2558100000
22.2552300000
22.2546400000
22.2540400000
22.2534500000
22.2528500000
22.2522600000
22.2516600000
22.2510700000
22.2504700000
22.2498800000
22.2492800000
22.2486900000
22.2480900000
22.2475000000
22.2469000000
22.2463100000
22.2457100000
22.2451100000
22.2445100000
22.2439000000
22.2433000000
22.2427000000
22.2421000000
22.2414900000
22.2408900000
22.2402900000
22.2396900000
22.2390800000
22.2384800000
22.2378800000
22.2372700000
22.2366700000
22.2360700000
22.2354700000
22.2348600000
22.2342600000
22.2336500000
22.2330400000
22.2324300000
22.2318200000
22.2311900000
22.2305700000
22.2299400000
22.2293200000
22.2286900000
22.2280700000
22.2274400000
22.2268100000
22.2261900000
22.2255600000
22.2249400000
22.2243100000
22.2236900000
22.2230600000
22.2224300000
22.2217900000
22.2211600000
22.2205300000
22.2198900000
22.2192600000
22.2186300000
22.2179900000
22.2173600000
22.2167300000
22.2160900000
22.2154600000
22.2148300000
22.2142000000
22.2135600000
22.2129300000
22.2123000000
22.2116500000
22.2110100000
22.2103700000
22.2097300000
22.2090900000
22.2084500000
22.2078100000
22.2071700000
22.2065300000
22.2058900000
22.2052500000
22.2046100000
22.2039600000
22.2033200000
22.2026800000
22.2020400000
22.2013900000
22.2007400000
22.2001000000
22.1994500000
22.1988000000
22.1981500000
22.1975000000
22.1968500000
22.1962100000
22.1955600000
22.1949100000
22.1942600000
22.1936100000
22.1929600000
22.1923100000
22.1916700000
22.1910200000
22.1903700000
22.1897200000
22.1890600000
22.1884100000
22.1877500000
22.1871000000
22.1864400000
22.1857800000
22.1851300000
22.1844700000
22.1838200000
22.1831600000
22.1825000000
22.1818500000
22.1811900000
22.1805300000
22.1798800000
22.1792200000
22.1785700000
22.1779100000
22.1772500000
22.1766000000
22.1759400000
22.1752900000
22.1746300000
22.1739700000
22.1733200000
22.1726600000
22.1720000000
22.1713500000
22.1706900000
22.1700400000
22.1693800000
22.1687100000
22.1680400000
22.1673700000
22.1666900000
22.1660200000
22.1653500000
22.1646700000
22.1639900000
22.1633100000
22.1626400000
22.1619600000
22.1612700000
22.1605800000
22.1599000000
22.1592100000
22.1585100000
22.1578000000
22.1570900000
22.1563800000
22.1556700000
22.1542500000
22.1542500000
22.1535300000
22.1528200000
22.1521000000
22.1513800000
22.1506700000
22.1499500000
22.1492300000
22.1485100000
22.1478000000
22.1470800000
22.1463600000
22.1456500000
22.1449300000
22.1442100000
22.1434900000
22.1427800000
22.1420600000
22.1413400000
22.1406300000
22.1399200000
22.1392100000
22.1385000000
22.1377900000
22.1370800000
22.1363800000
22.1356700000
22.1349600000
22.1342500000
22.1335400000
22.1328300000
22.1321200000
22.1314100000
22.1307000000
22.1299800000
22.1292600000
22.1285500000
22.1278300000
22.1271100000
22.1264000000
22.1256800000
22.1249600000
22.1242400000
22.1235100000
22.1227900000
22.1220600000
22.1213400000
22.1206100000
22.1198900000
22.1191600000
22.1184200000
22.1176900000
22.1169600000
22.1162300000
22.1154900000
22.1147600000
22.1140300000
22.1133000000
22.1125600000
22.1118300000
22.1111000000
22.1103700000
22.1096300000
22.1089000000
22.1081700000
22.1074400000
22.1067000000
22.1059700000
22.1052400000
22.1045100000
22.1037800000
22.1030400000
22.1023100000
22.1015800000
22.1008500000
22.1001300000
22.0994000000
22.0986800000
22.0979500000
22.0972300000
22.0965000000
22.0957800000
22.0950500000
22.0943300000
22.0936100000
22.0928800000
22.0921600000
22.0914300000
22.0907100000
22.0899800000
22.0892600000
22.0885300000
22.0878000000
22.0870700000
22.0863300000
22.0856000000
22.0848700000
22.0841100000
22.0833600000
22.0826000000
22.0818500000
22.0810900000
22.0803200000
22.0795600000
22.0788000000
22.0780300000
22.0772400000
22.0764500000
22.0756700000
22.0748800000
22.0741000000
22.0733100000
22.0725200000
22.0717200000
22.0709300000
22.0701400000
22.0693500000
22.0685700000
22.0677800000
22.0669900000
22.0662100000
22.0654200000
22.0646400000
22.0638500000
22.0630600000
22.0622800000
22.0614900000
22.0607300000
22.0599700000
22.0592000000
22.0584400000
22.0576800000
22.0569200000
22.0561500000
22.0553900000
22.0546300000
22.0538600000
22.0530900000
22.0523200000
22.0515500000
22.0507800000
22.0500100000
22.0492400000
22.0484700000
22.0477000000
22.0469200000
22.0461400000
22.0453600000
22.0445900000
22.0438100000
22.0430200000
22.0422400000
22.0414400000
22.0406300000
22.0398300000
22.0390300000
22.0382300000
22.0374200000
22.0366100000
22.0358000000
22.0350000000
22.0341900000
22.0333800000
22.0325700000
22.0317600000
22.0309500000
22.0301400000
22.0293400000
22.0285300000
22.0277200000
22.0269100000
22.0261100000
22.0253100000
22.0245100000
22.0237000000
22.0229000000
22.0221000000
22.0213000000
22.0205000000
22.0197000000
22.0189100000
22.0181300000
22.0173400000
22.0165600000
22.0157700000
22.0149800000
22.0142000000
22.0134100000
22.0126200000
22.0118300000
22.0110300000
22.0102400000
22.0094300000
22.0086200000
22.0078100000
22.0070000000
22.0062000000
22.0053900000
22.0045800000
22.0037700000
22.0029600000
22.0021500000
22.0013400000
22.0005200000
21.9997000000
21.9988900000
21.9980700000
21.9972500000
21.9964400000
21.9956200000
21.9948000000
21.9939900000
21.9931700000
21.9923600000
21.9915300000
21.9907100000
21.9898800000
21.9890600000
21.9882400000
21.9874000000
21.9865600000
21.9857200000
21.9848800000
21.9840400000
21.9832000000
21.9823600000
21.9815100000
21.9806700000
21.9798200000
21.9789700000
21.9781300000
21.9772800000
21.9764300000
21.9755900000
21.9747400000
21.9738900000
21.9730500000
21.9722000000
21.9713500000
21.9705000000
21.9696600000
21.9688100000
21.9679600000
21.9671200000
21.9662700000
21.9654200000
21.9645800000
21.9637300000
21.9628800000
21.9620400000
21.9611900000
21.9603400000
21.9595000000
21.9586500000
21.9578000000
21.9569500000
21.9560900000
21.9552400000
21.9543800000
21.9535300000
21.9526700000
21.9518200000
21.9509700000
21.9501100000
21.9492600000
21.9484000000
21.9475500000
21.9466900000
21.9458400000
21.9449800000
21.9441300000
21.9432800000
21.9424200000
21.9415700000
21.9407000000
21.9398400000
21.9389800000
21.9381200000
21.9372600000
21.9363900000
21.9355300000
21.9346700000
21.9338100000
21.9329500000
21.9320800000
21.9312200000
21.9303600000
21.9295000000
21.9286300000
21.9277700000
21.9269100000
21.9260300000
21.9251600000
21.9242800000
21.9233900000
21.9225100000
21.9216200000
21.9207400000
21.9198500000
21.9189700000
21.9180800000
21.9172000000
21.9163100000
21.9154300000
21.9145400000
21.9136600000
21.9127700000
21.9118900000
21.9110000000
21.9101200000
21.9092300000
21.9083500000
21.9074600000
21.9065600000
21.9056700000
21.9047800000
21.9038800000
21.9029900000
21.9021000000
21.9012100000
21.9003100000
21.8994200000
21.8985300000
21.8976400000
21.8967400000
21.8958500000
21.8949600000
21.8940700000
21.8931700000
21.8922800000
21.8913900000
21.8905000000
21.8896000000
21.8887100000
21.8878100000
21.8869100000
21.8860100000
21.8851100000
21.8842100000
21.8833100000
21.8824100000
21.8815100000
21.8806100000
21.8797100000
21.8788100000
21.8779100000
21.8770100000
21.8761100000
21.8751900000
21.8742800000
21.8733600000
21.8724400000
21.8715300000
21.8706100000
21.8697000000
21.8687800000
21.8678700000
21.8669500000
21.8660300000
21.8651000000
21.8641800000
21.8632600000
21.8623400000
21.8614100000
21.8604900000
21.8595700000
21.8586400000
21.8577200000
21.8568000000
21.8558700000
21.8549500000
21.8540300000
21.8531000000
21.8521800000
21.8512600000
21.8503300000
21.8494100000
21.8484900000
21.8475600000
21.8466400000
21.8457100000
21.8447800000
21.8438500000
21.8429200000
21.8419900000
21.8410600000
21.8401300000
21.8392000000
21.8382600000
21.8373300000
21.8364000000
21.8354700000
21.8345400000
21.8336100000
21.8326800000
21.8317500000
21.8308200000
21.8298900000
21.8289600000
21.8280300000
21.8271000000
21.8261600000
21.8252300000
21.8243000000
21.8233700000
21.8224400000
21.8215100000
21.8205800000
21.8196500000
21.8187200000
21.8177900000
21.8168600000
21.8159300000
21.8149900000
21.8140600000
21.8131300000
21.8122000000
21.8112600000
21.8103300000
21.8093900000
21.8084500000
21.8075100000
21.8065700000
21.8056300000
21.8047000000
21.8037600000
21.8028200000
21.8018600000
21.8009100000
21.7999600000
21.7990000000
21.7980300000
21.7970700000
21.7961100000
21.7951500000
21.7941900000
21.7932300000
21.7922600000
21.7912900000
21.7903200000
21.7893500000
21.7883800000
21.7874100000
21.7864500000
21.7854700000
21.7844900000
21.7835200000
21.7825400000
21.7815600000
21.7805900000
21.7796100000
21.7786300000
21.7776600000
21.7766800000
21.7757000000
21.7747300000
21.7737500000
21.7727700000
21.7718000000
21.7708200000
21.7698400000
21.7688700000
21.7678900000
21.7669100000
21.7659400000
21.7649600000
21.7639800000
21.7630100000
21.7620300000
21.7610500000
21.7600800000
21.7591000000
21.7581300000
21.7571500000
21.7561700000
21.7552000000
21.7542200000
21.7532400000
21.7522700000
21.7512900000
21.7503100000
21.7493400000
21.7483600000
21.7473800000
21.7464100000
21.7454300000
21.7444500000
21.7434800000
21.7425000000
21.7415200000
21.7405300000
21.7395400000
21.7385500000
21.7375500000
21.7365500000
21.7355500000
21.7345500000
21.7335500000
21.7325500000
21.7315500000
21.7305500000
21.7295500000
21.7285400000
21.7275300000
21.7265200000
21.7255000000
21.7244800000
21.7234600000
21.7224300000
21.7214000000
21.7203700000
21.7193400000
21.7183100000
21.7172800000
21.7162500000
21.7152200000
21.7141900000
21.7131600000
21.7121300000
21.7111000000
21.7100700000
21.7090400000
21.7080100000
21.7069800000
21.7059500000
21.7049200000
21.7038900000
21.7028600000
21.7018400000
21.7008400000
21.6998300000
21.6988200000
21.6978100000
21.6968100000
21.6958000000
21.6947900000
21.6937900000
21.6927900000
21.6918000000
21.6908000000
21.6898000000
21.6888000000
21.6878000000
21.6868000000
21.6858000000
21.6848000000
21.6837900000
21.6827900000
21.6817800000
21.6807700000
21.6797600000
21.6787500000
21.6777300000
21.6767000000
21.6756700000
21.6746400000
21.6736000000
21.6725600000
21.6715200000
21.6704700000
21.6694300000
21.6683800000
21.6673400000
21.6662800000
21.6652300000
21.6641600000
21.6630900000
21.6620300000
21.6609600000
21.6598900000
21.6588100000
21.6577400000
21.6566600000
21.6555900000
21.6545200000
21.6534500000
21.6523800000
21.6513100000
21.6502500000
21.6491800000
21.6481100000
21.6470400000
21.6459900000
21.6449400000
21.6438900000
21.6428500000
21.6418000000
21.6407500000
21.6397100000
21.6386600000
21.6376200000
21.6365700000
21.6355300000
21.6344800000
21.6334400000
21.6323900000
21.6313500000
21.6303000000
21.6292600000
21.6282100000
21.6271700000
21.6261200000
21.6250800000
21.6240300000
21.6229900000
21.6219400000
21.6209000000
21.6198500000
21.6188000000
21.6177500000
21.6167000000
21.6156500000
21.6145900000
21.6135400000
21.6124900000
21.6114300000
21.6103800000
21.6093200000
21.6082600000
21.6071900000
21.6061100000
21.6050300000
21.6039600000
21.6028800000
21.6018100000
21.6007300000
21.5996500000
21.5985600000
21.5974800000
21.5964000000
21.5953100000
21.5942300000
21.5931500000
21.5920600000
21.5909800000
21.5899000000
21.5888100000
21.5877300000
21.5866500000
21.5855600000
21.5844800000
21.5834000000
21.5823100000
21.5812300000
21.5801500000
21.5790600000
21.5779800000
21.5769000000
21.5758100000
21.5747300000
21.5736500000
21.5725600000
21.5714600000
21.5703700000
21.5692800000
21.5681900000
21.5671000000
21.5660100000
21.5649200000
21.5638300000
21.5627400000
21.5616500000
21.5605500000
21.5594600000
21.5583700000
21.5572800000
21.5561900000
21.5551000000
21.5540100000
21.5529200000
21.5518300000
21.5507400000
21.5496300000
21.5485200000
21.5474200000
21.5463100000
21.5452000000
21.5441000000
21.5429900000
21.5418800000
21.5407600000
21.5396500000
21.5385400000
21.5374200000
21.5363100000
21.5351900000
21.5340800000
21.5329700000
21.5318500000
21.5307400000
21.5296200000
21.5285100000
21.5274000000
21.5262800000
21.5251700000
21.5240600000
21.5229400000
21.5218300000
21.5207100000
21.5196000000
21.5184900000
21.5173700000
21.5162600000
21.5151400000
21.5140300000
21.5129100000
21.5117900000
21.5106700000
21.5095400000
21.5084200000
21.5073000000
21.5061600000
21.5050300000
21.5038900000
21.5027500000
21.5016200000
21.5004800000
21.4993400000
21.4982100000
21.4970700000
21.4959300000
21.4948000000
21.4936600000
21.4925200000
21.4913900000
21.4902500000
21.4891100000
21.4879800000
21.4868400000
21.4857000000
21.4845700000
21.4834300000
21.4822900000
21.4811600000
21.4800200000
21.4788800000
21.4777400000
21.4765900000
21.4754500000
21.4743000000
21.4731600000
21.4720200000
21.4708700000
21.4697300000
21.4685800000
21.4674400000
21.4662900000
21.4651500000
21.4640000000
21.4628600000
21.4617200000
21.4605700000
21.4594200000
21.4582700000
21.4571200000
21.4559600000
21.4548100000
21.4536600000
21.4525100000
21.4513500000
21.4490500000
21.4490500000
21.4479000000
21.4467500000
21.4455900000
21.4444400000
21.4432800000
21.4421200000
21.4409600000
21.4398000000
21.4386400000
21.4374800000
21.4363300000
21.4351700000
21.4340100000
21.4328500000
21.4316900000
21.4305300000
21.4293700000
21.4282100000
21.4270500000
21.4258900000
21.4247300000
21.4235700000
21.4224100000
21.4212500000
21.4200900000
21.4189300000
21.4177700000
21.4166100000
21.4154500000
21.4142900000
21.4131300000
21.4119700000
21.4108100000
21.4096500000
21.4084900000
21.4073300000
21.4061700000
21.4050100000
21.4038500000
21.4026900000
21.4015400000
21.4003800000
21.3992200000
21.3980500000
21.3968800000
21.3957100000
21.3945300000
21.3933500000
21.3921700000
21.3909800000
21.3898000000
21.3886200000
21.3874400000
21.3862500000
21.3850700000
21.3838900000
21.3827100000
21.3815200000
21.3803300000
21.3791400000
21.3779400000
21.3767500000
21.3755600000
21.3743700000
21.3731800000
21.3719900000
21.3708000000
21.3696100000
21.3684200000
21.3672300000
21.3660400000
21.3648500000
21.3636600000
21.3624700000
21.3612800000
21.3600900000
21.3589000000
21.3577100000
21.3565200000
21.3553300000
21.3541400000
21.3529500000
21.3517600000
21.3505700000
21.3493800000
21.3481900000
21.3470000000
21.3458100000
21.3446200000
21.3434300000
21.3422400000
21.3410500000
21.3398600000
21.3386700000
21.3374700000
21.3362700000
21.3350800000
21.3338800000
21.3326800000
21.3314800000
21.3302800000
21.3290900000
21.3278900000
21.3266900000
21.3254900000
21.3243000000
21.3231000000
21.3218800000
21.3206700000
21.3194600000
21.3182400000
21.3170300000
21.3158200000
21.3146100000
21.3133900000
21.3121700000
21.3109500000
21.3097300000
21.3085100000
21.3072900000
21.3060700000
21.3048500000
21.3036300000
21.3024100000
21.3011900000
21.2999600000
21.2987300000
21.2975000000
21.2962700000
21.2950400000
21.2938200000
21.2925900000
21.2913600000
21.2901300000
21.2889000000
21.2876700000
21.2864500000
21.2852200000
21.2839900000
21.2827600000
21.2815300000
21.2803000000
21.2790800000
21.2778500000
21.2766200000
21.2753900000
21.2741600000
21.2729300000
21.2717100000
21.2704800000
21.2692500000
21.2680200000
21.2667900000
21.2655600000
21.2643400000
21.2631100000
21.2618800000
21.2606500000
21.2594200000
21.2581900000
21.2569500000
21.2557100000
21.2544600000
21.2532200000
21.2519800000
21.2507300000
21.2494900000
21.2482400000
21.2469900000
21.2457400000
21.2444800000
21.2432300000
21.2419800000
21.2407200000
21.2394600000
21.2382000000
21.2369500000
21.2356900000
21.2344300000
21.2331500000
21.2318600000
21.2305800000
21.2293000000
21.2280200000
21.2267400000
21.2254600000
21.2241700000
21.2228900000
21.2216100000
21.2203300000
21.2190500000
21.2177700000
21.2164800000
21.2152000000
21.2139200000
21.2126400000
21.2113600000
21.2100800000
21.2088000000
21.2075300000
21.2062700000
21.2050100000
21.2037500000
21.2024900000
21.2012300000
21.1999700000
21.1987200000
21.1974600000
21.1962000000
21.1949400000
21.1936800000
21.1924200000
21.1911600000
21.1899000000
21.1886400000
21.1873900000
21.1861300000
21.1848700000
21.1836000000
21.1823300000
21.1810700000
21.1798000000
21.1785400000
21.1772700000
21.1760000000
21.1747200000
21.1734400000
21.1721600000
21.1708700000
21.1695800000
21.1682900000
21.1670000000
21.1657100000
21.1644200000
21.1631300000
21.1618400000
21.1605500000
21.1592600000
21.1579700000
21.1566800000
21.1554000000
21.1541000000
21.1528000000
21.1515000000
21.1502100000
21.1489100000
21.1476100000
21.1463200000
21.1450200000
21.1437200000
21.1424300000
21.1411300000
21.1398300000
21.1385300000
21.1372400000
21.1359400000
21.1346400000
21.1333500000
21.1320500000
21.1307500000
21.1294600000
21.1281600000
21.1268600000
21.1255600000
21.1242700000
21.1229700000
21.1216700000
21.1203800000
21.1190800000
21.1177800000
21.1164900000
21.1151900000
21.1138900000
21.1125900000
21.1113000000
21.1100000000
21.1087000000
21.1074100000
21.1061100000
21.1048100000
21.1035200000
21.1022200000
21.1009200000
21.0996200000
21.0983300000
21.0970300000
21.0957300000
21.0944300000
21.0931200000
21.0918200000
21.0905200000
21.0892100000
21.0879100000
21.0866000000
21.0853000000
21.0839900000
21.0826700000
21.0813500000
21.0800300000
21.0787100000
21.0773900000
21.0760700000
21.0747400000
21.0734100000
21.0720800000
21.0707600000
21.0694300000
21.0681000000
21.0667700000
21.0654400000
21.0641200000
21.0627900000
21.0614600000
21.0601300000
21.0588100000
21.0574800000
21.0561500000
21.0548200000
21.0535000000
21.0521700000
21.0508400000
21.0495100000
21.0481900000
21.0468600000
21.0455200000
21.0441900000
21.0428500000
21.0415200000
21.0401700000
21.0388200000
21.0374700000
21.0361200000
21.0347700000
21.0334200000
21.0320700000
21.0307200000
21.0293700000
21.0280200000
21.0266600000
21.0253100000
21.0239500000
21.0225900000
21.0212300000
21.0198700000
21.0185200000
21.0171600000
21.0158000000
21.0144400000
21.0130800000
21.0117300000
21.0103700000
21.0090100000
21.0076500000
21.0062900000
21.0049400000
21.0035900000
21.0022400000
21.0008900000
20.9995400000
20.9981900000
20.9968400000
20.9954900000
20.9941400000
20.9927900000
20.9914400000
20.9900900000
20.9887400000
20.9873900000
20.9860300000
20.9846700000
20.9833100000
20.9819600000
20.9806000000
20.9792400000
20.9778800000
20.9765200000
20.9751700000
20.9738100000
20.9724500000
20.9710900000
20.9697300000
20.9683600000
20.9670000000
20.9656300000
20.9642600000
20.9629000000
20.9615300000
20.9601700000
20.9588000000
20.9574400000
20.9560700000
20.9547000000
20.9533200000
20.9519500000
20.9505800000
20.9492000000
20.9478300000
20.9464400000
20.9450500000
20.9436600000
20.9422800000
20.9408900000
20.9395000000
20.9381100000
20.9367200000
20.9353300000
20.9339400000
20.9325600000
20.9311700000
20.9297900000
20.9284200000
20.9270500000
20.9256700000
20.9243000000
20.9229300000
20.9215500000
20.9201800000
20.9188100000
20.9174300000
20.9160600000
20.9146900000
20.9133100000
20.9119400000
20.9105700000
20.9091900000
20.9078200000
20.9064500000
20.9050800000
20.9037000000
20.9023300000
20.9009400000
20.8995500000
20.8981600000
20.8967700000
20.8953700000
20.8939700000
20.8925800000
20.8911800000
20.8897900000
20.8883900000
20.8869900000
20.8856000000
20.8842000000
20.8828000000
20.8814100000
20.8800100000
20.8786100000
20.8772000000
20.8758000000
20.8744000000
20.8729900000
20.8715900000
20.8701900000
20.8687800000
20.8673800000
20.8659700000
20.8645700000
20.8631700000
20.8617600000
20.8603600000
20.8589600000
20.8575500000
20.8561500000
20.8547400000
20.8533400000
20.8519400000
20.8505300000
20.8491200000
20.8477100000
20.8462800000
20.8448600000
20.8434300000
20.8420000000
20.8405800000
20.8391500000
20.8377200000
20.8363000000
20.8348700000
20.8334400000
20.8320200000
20.8305900000
20.8291600000
20.8277400000
20.8263100000
20.8248800000
20.8234600000
20.8220300000
20.8206000000
20.8191800000
20.8177500000
20.8163200000
20.8149000000
20.8134700000
20.8120400000
20.8106200000
20.8091900000
20.8077600000
20.8063400000
20.8049000000
20.8034700000
20.8020300000
20.8006000000
20.7991600000
20.7977300000
20.7963000000
20.7948600000
20.7934300000
20.7919900000
20.7905600000
20.7891200000
20.7876900000
20.7862500000
20.7848200000
20.7833900000
20.7819500000
20.7805200000
20.7790800000
20.7776500000
20.7762100000
20.7747800000
20.7733500000
20.7719100000
20.7704800000
20.7690400000
20.7675900000
20.7661500000
20.7647100000
20.7632700000
20.7618300000
20.7603800000
20.7589400000
20.7575000000
20.7560600000
20.7546200000
20.7531700000
20.7517300000
20.7502900000
20.7488500000
20.7474100000
20.7459600000
20.7445200000
20.7430600000
20.7416100000
20.7401500000
20.7386900000
20.7372400000
20.7357800000
20.7343200000
20.7328600000
20.7314100000
20.7299500000
20.7284900000
20.7270400000
20.7255800000
20.7241200000
20.7226600000
20.7212100000
20.7197500000
20.7182900000
20.7168400000
20.7153700000
20.7139100000
20.7124400000
20.7109800000
20.7095100000
20.7080500000
20.7065800000
20.7051200000
20.7036500000
20.7021900000
20.7007100000
20.6992300000
20.6977500000
20.6962700000
20.6947900000
20.6933100000
20.6918300000
20.6903500000
20.6888600000
20.6873700000
20.6858800000
20.6843900000
20.6829100000
20.6814200000
20.6799300000
20.6784400000
20.6769600000
20.6754700000
20.6739800000
20.6724900000
20.6710100000
20.6695200000
20.6680300000
20.6665400000
20.6650500000
20.6635700000
20.6620800000
20.6605900000
20.6591000000
20.6576200000
20.6561300000
20.6546400000
20.6531500000
20.6516600000
20.6501800000
20.6486900000
20.6471900000
20.6457000000
20.6442000000
20.6427100000
20.6412100000
20.6397200000
20.6382200000
20.6367300000
20.6352300000
20.6337300000
20.6322300000
20.6307200000
20.6292200000
20.6277200000
20.6262100000
20.6247100000
20.6231900000
20.6216700000
20.6201600000
20.6186400000
20.6171200000
20.6155900000
20.6140700000
20.6125400000
20.6110200000
20.6094900000
20.6079600000
20.6064400000
20.6049100000
20.6033900000
20.6018600000
20.6003400000
20.5988200000
20.5973100000
20.5958000000
20.5943000000
20.5928000000
20.5912900000
20.5897900000
20.5882900000
20.5867800000
20.5852800000
20.5837800000
20.5822800000
20.5807700000
20.5792700000
20.5777700000
20.5762600000
20.5747600000
20.5732600000
20.5717500000
20.5702400000
20.5687300000
20.5672100000
20.5657000000
20.5641900000
20.5626800000
20.5611700000
20.5596600000
20.5581500000
20.5566400000
20.5551300000
20.5536200000
20.5521100000
20.5506000000
20.5490700000
20.5475400000
20.5460100000
20.5444700000
20.5429400000
20.5414000000
20.5398700000
20.5383400000
20.5368000000
20.5352700000
20.5337400000
20.5322000000
20.5306700000
20.5291400000
20.5276000000
20.5260700000
20.5245400000
20.5230000000
20.5214700000
20.5199400000
20.5184000000
20.5168700000
20.5153400000
20.5137900000
20.5122500000
20.5107100000
20.5091700000
20.5076300000
20.5060900000
20.5045500000
20.5030100000
20.5014600000
20.4999200000
20.4983800000
20.4968400000
20.4953000000
20.4937600000
20.4922200000
20.4906800000
20.4891400000
20.4875900000
20.4860500000
20.4845100000
20.4829700000
20.4814300000
20.4798900000
20.4783500000
20.4768100000
20.4752700000
20.4737200000
20.4721800000
20.4706400000
20.4691000000
20.4675600000
20.4660200000
20.4644600000
20.4629100000
20.4613400000
20.4597800000
20.4582100000
20.4566500000
20.4550900000
20.4535200000
20.4519600000
20.4503900000
20.4488300000
20.4472700000
20.4456900000
20.4441200000
20.4425500000
20.4409800000
20.4394100000
20.4378400000
20.4362600000
20.4346900000
20.4331200000
20.4315500000
20.4299800000
20.4284100000
20.4268300000
20.4252600000
20.4236900000
20.4221200000
20.4205500000
20.4189800000
20.4174000000
20.4158300000
20.4142600000
20.4126900000
20.4111200000
20.4095500000
20.4079700000
20.4064000000
20.4048300000
20.4032600000
20.4016900000
20.4001200000
20.3985400000
20.3969700000
20.3954000000
20.3938300000
20.3922600000
20.3906900000
20.3891100000
20.3875400000
20.3859600000
20.3843800000
20.3828000000
20.3812300000
20.3796500000
20.3780700000
20.3764700000
20.3748800000
20.3732800000
20.3716900000
20.3700900000
20.3685000000
20.3669100000
20.3653100000
20.3637100000
20.3621100000
20.3605000000
20.3589000000
20.3573000000
20.3557000000
20.3541000000
20.3524900000
20.3508900000
20.3492900000
20.3476900000
20.3460800000
20.3444800000
20.3428800000
20.3412800000
20.3396800000
20.3380700000
20.3364700000
20.3348700000
20.3332700000
20.3316700000
20.3300600000
20.3284600000
20.3268600000
20.3252600000
20.3236500000
20.3220500000
20.3204500000
20.3188500000
20.3172500000
20.3156400000
20.3140400000
20.3124400000
20.3108400000
20.3092300000
20.3076300000
20.3060300000
20.3044300000
20.3028300000
20.3012200000
20.2996200000
20.2980200000
20.2964200000
20.2948100000
20.2932000000
20.2915900000
20.2899800000
20.2883700000
20.2867600000
20.2851500000
20.2835400000
20.2819300000
20.2803200000
20.2787100000
20.2771000000
20.2754900000
20.2738800000
20.2722500000
20.2706300000
20.2690000000
20.2673600000
20.2657300000
20.2641000000
20.2624700000
20.2608300000
20.2592000000
20.2575700000
20.2559400000
20.2543000000
20.2526700000
20.2510400000
20.2494000000
20.2477700000
20.2461400000
20.2445100000
20.2428700000
20.2412400000
20.2396100000
20.2379800000
20.2363400000
20.2347100000
20.2330800000
20.2314500000
20.2298100000
20.2281800000
20.2265400000
20.2249000000
20.2232600000
20.2216200000
20.2199800000
20.2183400000
20.2167000000
20.2150600000
20.2134200000
20.2117800000
20.2101400000
20.2085000000
20.2068600000
20.2052200000
20.2035800000
20.2019300000
20.2002900000
20.1986500000
20.1970100000
20.1953700000
20.1937300000
20.1920900000
20.1904500000
20.1888100000
20.1871700000
20.1855300000
20.1838900000
20.1822500000
20.1806100000
20.1789700000
20.1773200000
20.1756700000
20.1740100000
20.1723500000
20.1706800000
20.1690200000
20.1673600000
20.1657000000
20.1640300000
20.1623700000
20.1607100000
20.1590400000
20.1573800000
20.1557200000
20.1540500000
20.1523900000
20.1507300000
20.1490600000
20.1474000000
20.1457400000
20.1440700000
20.1424100000
20.1407400000
20.1390700000
20.1374000000
20.1357300000
20.1340600000
20.1323900000
20.1307100000
20.1290400000
20.1273700000
20.1257000000
20.1240300000
20.1223600000
20.1206900000
20.1190200000
20.1173500000
20.1156800000
20.1140100000
20.1123400000
20.1106600000
20.1089800000
20.1073000000
20.1056200000
20.1039300000
20.1022300000
20.1005400000
20.0988500000
20.0971500000
20.0954600000
20.0937700000
20.0920700000
20.0903800000
20.0886800000
20.0869900000
20.0853000000
20.0836000000
20.0819100000
20.0802200000
20.0785200000
20.0768300000
20.0751300000
20.0734400000
20.0717500000
20.0700500000
20.0683600000
20.0666700000
20.0649700000
20.0632800000
20.0615800000
20.0598900000
20.0582000000
20.0565000000
20.0548100000
20.0531200000
20.0514200000
20.0497300000
20.0480300000
20.0463400000
20.0446400000
20.0429400000
20.0412400000
20.0395400000
20.0378300000
20.0361300000
20.0344300000
20.0327300000
20.0310300000
20.0293300000
20.0276300000
20.0259200000
20.0242200000
20.0225200000
20.0208200000
20.0191200000
20.0174200000
20.0157200000
20.0140200000
20.0123100000
20.0106000000
20.0089000000
20.0071900000
20.0054800000
20.0037700000
20.0020600000
20.0003500000
19.9986400000
19.9969300000
19.9952200000
19.9935200000
19.9918100000
19.9901000000
19.9883900000
19.9866800000
19.9849700000
19.9832600000
19.9815500000
19.9798400000
19.9781300000
19.9764300000
19.9747200000
19.9730100000
19.9713000000
19.9695700000
19.9678400000
19.9661100000
19.9643800000
19.9626500000
19.9609100000
19.9591800000
19.9574500000
19.9557200000
19.9539900000
19.9522600000
19.9505200000
19.9487900000
19.9470600000
19.9453300000
19.9436000000
19.9418600000
19.9401300000
19.9384000000
19.9366700000
19.9349300000
19.9331900000
19.9314500000
19.9297100000
19.9279700000
19.9262300000
19.9244900000
19.9227500000
19.9210100000
19.9192700000
19.9175300000
19.9157900000
19.9140500000
19.9123200000
19.9105800000
19.9088400000
19.9071000000
19.9053500000
19.9036000000
19.9018600000
19.9001100000
19.8983600000
19.8966100000
19.8948700000
19.8931200000
19.8913700000
19.8896300000
19.8878800000
19.8861300000
19.8843800000
19.8826400000
19.8808900000
19.8791400000
19.8774000000
19.8756500000
19.8739000000
19.8721500000
19.8704100000
19.8686600000
19.8669100000
19.8651700000
19.8634200000
19.8616700000
19.8599200000
19.8581800000
19.8564300000
19.8546800000
19.8529400000
19.8511900000
19.8494400000
19.8476900000
19.8459500000
19.8442000000
19.8424500000
19.8407100000
19.8389600000
19.8372000000
19.8354500000
19.8336900000
19.8319400000
19.8301800000
19.8284300000
19.8266800000
19.8249200000
19.8231700000
19.8214100000
19.8196600000
19.8179000000
19.8161500000
19.8143900000
19.8126400000
19.8108800000
19.8091300000
19.8073700000
19.8056200000
19.8038500000
19.8020800000
19.8003100000
19.7985400000
19.7967700000
19.7950000000
19.7932300000
19.7914600000
19.7896900000
19.7879200000
19.7861500000
19.7843800000
19.7826100000
19.7808400000
19.7790700000
19.7773000000
19.7755200000
19.7737400000
19.7719700000
19.7701900000
19.7684100000
19.7666300000
19.7648500000
19.7630800000
19.7613000000
19.7595200000
19.7577400000
19.7559700000
19.7541900000
19.7523900000
19.7505900000
19.7487900000
19.7469900000
19.7451900000
19.7433900000
19.7415800000
19.7397800000
19.7379800000
19.7361800000
19.7343800000
19.7325800000
19.7307800000
19.7289800000
19.7271800000
19.7253800000
19.7235800000
19.7217800000
19.7199800000
19.7181800000
19.7163800000
19.7145800000
19.7127800000
19.7109800000
19.7091800000
19.7073700000
19.7055700000
19.7037700000
19.7019600000
19.7001500000
19.6983400000
19.6965300000
19.6947300000
19.6929200000
19.6911100000
19.6893000000
19.6874900000
19.6856800000
19.6838800000
19.6820700000
19.6802600000
19.6784500000
19.6766400000
19.6748400000
19.6730300000
19.6712200000
19.6694100000
19.6676000000
19.6657800000
19.6639600000
19.6621300000
19.6603000000
19.6584700000
19.6566400000
19.6548100000
19.6529800000
19.6511500000
19.6493100000
19.6474800000
19.6456500000
19.6438200000
19.6419900000
19.6401600000
19.6383300000
19.6365000000
19.6346700000
19.6328400000
19.6310000000
19.6291700000
19.6273400000
19.6255100000
19.6236800000
19.6218500000
19.6200200000
19.6181900000
19.6163600000
19.6145200000
19.6126900000
19.6108600000
19.6090300000
19.6072000000
19.6053700000
19.6035400000
19.6017100000
19.5998800000
19.5980400000
19.5962000000
19.5943600000
19.5925200000
19.5906800000
19.5888400000
19.5870100000
19.5851700000
19.5833300000
19.5814900000
19.5796500000
19.5778100000
19.5759700000
19.5741300000
19.5723000000
19.5704600000
19.5686200000
19.5667700000
19.5649300000
19.5630800000
19.5612300000
19.5593900000
19.5575400000
19.5556900000
19.5538500000
19.5520000000
19.5501600000
19.5483100000
19.5464600000
19.5446200000
19.5427700000
19.5409200000
19.5390800000
19.5372300000
19.5353900000
19.5335400000
19.5316900000
19.5298500000
19.5280000000
19.5261500000
19.5243000000
19.5224500000
19.5205900000
19.5187400000
19.5168800000
19.5150300000
19.5131800000
19.5113200000
19.5094500000
19.5075800000
19.5057100000
19.5038500000
19.5019800000
19.5001100000
19.4982400000
19.4963700000
19.4945000000
19.4926300000
19.4907600000
19.4888900000
19.4870200000
19.4851500000
19.4832800000
19.4814100000
19.4795500000
19.4776700000
19.4757900000
19.4739200000
19.4720400000
19.4701600000
19.4682800000
19.4664100000
19.4645300000
19.4626500000
19.4607800000
19.4589000000
19.4570200000
19.4551500000
19.4532700000
19.4513900000
19.4495200000
19.4476400000
19.4457600000
19.4438700000
19.4419800000
19.4400900000
19.4381900000
19.4362900000
19.4343900000
19.4324900000
19.4305900000
19.4286900000
19.4267900000
19.4248900000
19.4229900000
19.4210900000
19.4191900000
19.4172900000
19.4153900000
19.4134900000
19.4115900000
19.4096900000
19.4077900000
19.4058900000
19.4039900000
19.4020900000
19.4001900000
19.3982900000
19.3963900000
19.3944900000
19.3925900000
19.3906900000
19.3887900000
19.3868900000
19.3849900000
19.3830900000
19.3812000000
19.3793000000
19.3774000000
19.3754900000
19.3735800000
19.3716700000
19.3697700000
19.3678600000
19.3659500000
19.3640400000
19.3621400000
19.3602300000
19.3583200000
19.3564100000
19.3545100000
19.3526000000
19.3506900000
19.3487900000
19.3468800000
19.3449700000
19.3430600000
19.3411600000
19.3392500000
19.3373300000
19.3354200000
19.3335000000
19.3315900000
19.3296700000
19.3277600000
19.3258400000
19.3239100000
19.3219800000
19.3200500000
19.3181200000
19.3161900000
19.3142600000
19.3123300000
19.3104000000
19.3084700000
19.3065300000
19.3046000000
19.3026600000
19.3007200000
19.2987800000
19.2968400000
19.2949100000
19.2929700000
19.2910300000
19.2890900000
19.2871600000
19.2852200000
19.2832800000
19.2813400000
19.2794000000
19.2774700000
19.2755300000
19.2735900000
19.2716500000
19.2697100000
19.2677800000
19.2658400000
19.2639000000
19.2619600000
19.2600300000
19.2580900000
19.2561500000
19.2542100000
19.2522700000
19.2503400000
19.2484000000
19.2464600000
19.2445200000
19.2425800000
19.2406500000
19.2387100000
19.2367700000
19.2348300000
19.2328900000
19.2309600000
19.2290100000
19.2270700000
19.2251200000
19.2231800000
19.2212300000
19.2192800000
19.2173400000
19.2153900000
19.2134500000
19.2115000000
19.2095600000
19.2076100000
19.2056700000
19.2037200000
19.2017700000
19.1998300000
19.1978700000
19.1959100000
19.1939400000
19.1919700000
19.1900000000
19.1880300000
19.1860700000
19.1841000000
19.1821300000
19.1801600000
19.1781900000
19.1762200000
19.1742600000
19.1722900000
19.1703200000
19.1683500000
19.1663800000
19.1644100000
19.1624500000
19.1604800000
19.1585100000
19.1565400000
19.1545700000
19.1526000000
19.1506300000
19.1486500000
19.1466800000
19.1447000000
19.1427200000
19.1407300000
19.1387400000
19.1367500000
19.1347600000
19.1327700000
19.1307800000
19.1287800000
19.1267900000
19.1248000000
19.1228100000
19.1208200000
19.1188300000
19.1168400000
19.1148500000
19.1128500000
19.1108600000
19.1088700000
19.1068800000
19.1048800000
19.1028800000
19.1008800000
19.0988800000
19.0968900000
19.0948900000
19.0928900000
19.0908900000
19.0888900000
19.0868900000
19.0848900000
19.0828900000
19.0808900000
19.0789000000
19.0769000000
19.0749000000
19.0729000000
19.0709000000
19.0689000000
19.0669000000
19.0649000000
19.0629000000
19.0609100000
19.0589100000
19.0569100000
19.0549100000
19.0529100000
19.0509100000
19.0489100000
19.0469100000
19.0449000000
19.0428900000
19.0408900000
19.0388800000
19.0368700000
19.0348700000
19.0328600000
19.0308500000
19.0288500000
19.0268400000
19.0248300000
19.0228300000
19.0208200000
19.0188100000
19.0168100000
19.0148000000
19.0127900000
19.0107900000
19.0087800000
19.0067700000
19.0047700000
19.0027600000
19.0007400000
18.9987200000
18.9967000000
18.9946700000
18.9926500000
18.9906300000
18.9886100000
18.9865900000
18.9845700000
18.9825400000
18.9805200000
18.9785000000
18.9764800000
18.9744600000
18.9724300000
18.9704100000
18.9683900000
18.9663700000
18.9643500000
18.9623300000
18.9603000000
18.9582700000
18.9562400000
18.9542100000
18.9521800000
18.9501500000
18.9481200000
18.9460900000
18.9440600000
18.9420300000
18.9400000000
18.9379700000
18.9359400000
18.9339100000
18.9318700000
18.9298300000
18.9278000000
18.9257600000
18.9237200000
18.9216700000
18.9196200000
18.9175600000
18.9155100000
18.9134600000
18.9114100000
18.9093600000
18.9073000000
18.9052400000
18.9031800000
18.9011200000
18.8990600000
18.8970000000
18.8949400000
18.8928800000
18.8908200000
18.8887600000
18.8867000000
18.8846400000
18.8825800000
18.8805200000
18.8784600000
18.8764000000
18.8743400000
18.8722800000
18.8702200000
18.8681600000
18.8661000000
18.8640400000
18.8619800000
18.8599200000
18.8578500000
18.8557800000
18.8537100000
18.8516500000
18.8495800000
18.8475100000
18.8454400000
18.8433800000
18.8413100000
18.8392400000
18.8371700000
18.8351100000
18.8330400000
18.8309700000
18.8289000000
18.8268400000
18.8247700000
18.8227000000
18.8206300000
18.8185700000
18.8164900000
18.8144100000
18.8123400000
18.8102600000
18.8081900000
18.8061100000
18.8040400000
18.8019600000
18.7998900000
18.7978100000
18.7957400000
18.7936600000
18.7915900000
18.7895100000
18.7874400000
18.7853600000
18.7832900000
18.7812100000
18.7791400000
18.7770600000
18.7749900000
18.7729100000
18.7708400000
18.7687600000
18.7666900000
18.7646100000
18.7625400000
18.7604600000
18.7583700000
18.7562800000
18.7541900000
18.7521000000
18.7500100000
18.7479100000
18.7458100000
18.7437100000
18.7416200000
18.7395200000
18.7374200000
18.7353200000
18.7332200000
18.7311200000
18.7290300000
18.7269300000
18.7248300000
18.7227300000
18.7206300000
18.7185400000
18.7164400000
18.7143400000
18.7122400000
18.7101400000
18.7080500000
18.7059500000
18.7038500000
18.7017500000
18.6996500000
18.6975500000
18.6954400000
18.6933400000
18.6912300000
18.6891300000
18.6870200000
18.6849100000
18.6828100000
18.6807000000
18.6786000000
18.6764900000
18.6743900000
18.6722800000
18.6701600000
18.6680400000
18.6659200000
18.6638000000
18.6616700000
18.6595500000
18.6574300000
18.6553100000
18.6531900000
18.6510700000
18.6489500000
18.6468300000
18.6447000000
18.6425700000
18.6404400000
18.6383100000
18.6361800000
18.6340600000
18.6319300000
18.6298000000
18.6276700000
18.6255400000
18.6234100000
18.6212800000
18.6191600000
18.6170300000
18.6149000000
18.6127700000
18.6106400000
18.6085100000
18.6063800000
18.6042500000
18.6021100000
18.5999800000
18.5978200000
18.5956700000
18.5935200000
18.5913700000
18.5892200000
18.5870700000
18.5849200000
18.5827600000
18.5806100000
18.5784600000
18.5763100000
18.5741600000
18.5720100000
18.5698500000
18.5677000000
18.5655500000
18.5634000000
18.5612500000
18.5591000000
18.5569500000
18.5547900000
18.5526400000
18.5504900000
18.5483400000
18.5461900000
18.5440400000
18.5418800000
18.5397200000
18.5375600000
18.5354000000
18.5332400000
18.5310800000
18.5289200000
18.5267600000
18.5246000000
18.5224500000
18.5202900000
18.5181300000
18.5159700000
18.5138100000
18.5116500000
18.5094900000
18.5073300000
18.5051700000
18.5030100000
18.5008500000
18.4986800000
18.4965100000
18.4943500000
18.4921800000
18.4900100000
18.4878500000
18.4856800000
18.4835100000
18.4813500000
18.4791800000
18.4770100000
18.4748300000
18.4726500000
18.4704700000
18.4682800000
18.4661000000
18.4639200000
18.4617400000
18.4595600000
18.4573700000
18.4551900000
18.4530100000
18.4508300000
18.4486500000
18.4464600000
18.4442800000
18.4421000000
18.4399200000
18.4377400000
18.4355500000
18.4333700000
18.4311900000
18.4290100000
18.4268300000
18.4246400000
18.4224500000
18.4202600000
18.4180700000
18.4158800000
18.4136900000
18.4115000000
18.4093100000
18.4071200000
18.4049300000
18.4027400000
18.4005500000
18.3983600000
18.3961700000
18.3939800000
18.3917900000
18.3896000000
18.3874100000
18.3852200000
18.3830200000
18.3808200000
18.3786200000
18.3764300000
18.3742300000
18.3720300000
18.3698300000
18.3676400000
18.3654400000
18.3632400000
18.3610500000
18.3588500000
18.3566500000
18.3544500000
18.3522600000
18.3500400000
18.3478200000
18.3456000000
18.3433800000
18.3411600000
18.3389400000
18.3367200000
18.3345000000
18.3322800000
18.3300600000
18.3278400000
18.3256200000
18.3234000000
18.3211800000
18.3189600000
18.3167400000
18.3145200000
18.3123000000
18.3100800000
18.3078600000
18.3056400000
18.3034200000
18.3012000000
18.2989800000
18.2967600000
18.2945400000
18.2923200000
18.2901000000
18.2878800000
18.2856600000
18.2834400000
18.2812200000
18.2790000000
18.2767800000
18.2745500000
18.2723200000
18.2701000000
18.2678700000
18.2656400000
18.2634100000
18.2611800000
18.2589600000
18.2567300000
18.2545000000
18.2522700000
18.2500500000
18.2478200000
18.2455900000
18.2433600000
18.2411300000
18.2388900000
18.2366500000
18.2344100000
18.2321600000
18.2299100000
18.2276600000
18.2254100000
18.2231600000
18.2209100000
18.2186600000
18.2164100000
18.2141600000
18.2119100000
18.2096600000
18.2074100000
18.2051500000
18.2029000000
18.2006500000
18.1984000000
18.1961400000
18.1938900000
18.1916300000
18.1893700000
18.1871100000
18.1848400000
18.1825600000
18.1802900000
18.1780200000
18.1757400000
18.1734700000
18.1712000000
18.1689200000
18.1666500000
18.1643800000
18.1621000000
18.1598300000
18.1575500000
18.1552700000
18.1529900000
18.1507100000
18.1484300000
18.1461500000
18.1438700000
18.1415900000
18.1393100000
18.1370200000
18.1347400000
18.1324600000
18.1301800000
18.1279000000
18.1256200000
18.1233400000
18.1210600000
18.1187700000
18.1164900000
18.1142100000
18.1119300000
18.1096500000
18.1073700000
18.1050900000
18.1028100000
18.1005200000
18.0982400000
18.0959600000
18.0936800000
18.0914000000
18.0891200000
18.0868300000
18.0845400000
18.0822500000
18.0799600000
18.0776700000
18.0753900000
18.0731000000
18.0708100000
18.0685200000
18.0662300000
18.0639400000
18.0616500000
18.0593600000
18.0570800000
18.0547900000
18.0525000000
18.0502100000
18.0479200000
18.0456300000
18.0433400000
18.0410500000
18.0387600000
18.0364800000
18.0341900000
18.0319000000
18.0296100000
18.0273200000
18.0250300000
18.0227400000
18.0204500000
18.0181600000
18.0158600000
18.0135700000
18.0112700000
18.0089700000
18.0066800000
18.0043600000
18.0020500000
17.9997400000
17.9974300000
17.9951200000
17.9928100000
17.9904900000
17.9881800000
17.9858700000
17.9835500000
17.9812300000
17.9789100000
17.9765900000
17.9742700000
17.9719500000
17.9696400000
17.9673200000
17.9650000000
17.9626800000
17.9603600000
17.9580400000
17.9557200000
17.9534000000
17.9510800000
17.9487500000
17.9464300000
17.9441000000
17.9417700000
17.9394500000
17.9371200000
17.9347900000
17.9324600000
17.9301400000
17.9278100000
17.9254800000
17.9231400000
17.9208000000
17.9184600000
17.9161100000
17.9137700000
17.9114300000
17.9090800000
17.9067300000
17.9043800000
17.9020300000
17.8996800000
17.8973300000
17.8949800000
17.8926300000
17.8902800000
17.8879300000
17.8855800000
17.8832300000
17.8808800000
17.8785300000
17.8761800000
17.8738300000
17.8714800000
17.8691300000
17.8667800000
17.8644300000
17.8620800000
17.8597300000
17.8573700000
17.8550100000
17.8526500000
17.8503000000
17.8479400000
17.8455800000
17.8432200000
17.8408700000
17.8385100000
17.8361500000
17.8337900000
17.8314400000
17.8290800000
17.8267200000
17.8243600000
17.8220100000
17.8196500000
17.8172900000
17.8149300000
17.8125800000
17.8102200000
17.8078600000
17.8055000000
17.8031500000
17.8007900000
17.7984300000
17.7960700000
17.7937200000
17.7913600000
17.7890000000
17.7866400000
17.7842900000
17.7819300000
17.7795700000
17.7772100000
17.7748600000
17.7724900000
17.7701300000
17.7677500000
17.7653700000
17.7629900000
17.7606000000
17.7582200000
17.7558400000
17.7534600000
17.7510800000
17.7487000000
17.7463200000
17.7439400000
17.7415600000
17.7391800000
17.7368000000
17.7344200000
17.7320400000
17.7296600000
17.7272800000
17.7248900000
17.7225000000
17.7201200000
17.7177300000
17.7153400000
17.7129500000
17.7105600000
17.7081800000
17.7057900000
17.7034000000
17.7010000000
17.6985900000
17.6961900000
17.6937900000
17.6913800000
17.6889800000
17.6865800000
17.6841700000
17.6817700000
17.6793600000
17.6769500000
17.6745400000
17.6721300000
17.6697200000
17.6673000000
17.6648900000
17.6624800000
17.6600700000
17.6576600000
17.6552500000
17.6528400000
17.6504300000
17.6480200000
17.6456100000
17.6432000000
17.6407900000
17.6383700000
17.6359600000
17.6335500000
17.6311400000
17.6287300000
17.6263200000
17.6239000000
17.6214800000
17.6190600000
17.6166500000
17.6142300000
17.6118100000
17.6093900000
17.6069700000
17.6045500000
17.6021300000
17.5997200000
17.5973000000
17.5948800000
17.5924600000
17.5900300000
17.5875900000
17.5851600000
17.5827300000
17.5802800000
17.5778400000
17.5754000000
17.5729600000
17.5705200000
17.5680800000
17.5656400000
17.5631900000
17.5607500000
17.5583100000
17.5558700000
17.5534300000
17.5509900000
17.5485500000
17.5461000000
17.5436600000
17.5412200000
17.5387700000
17.5363200000
17.5338700000
17.5314300000
17.5289800000
17.5265300000
17.5240800000
17.5216300000
17.5191800000
17.5167300000
17.5142800000
17.5118300000
17.5093800000
17.5069400000
17.5044900000
17.5020400000
17.4995900000
17.4971400000
17.4946900000
17.4922400000
17.4897900000
17.4873400000
17.4848800000
17.4824200000
17.4799700000
17.4775100000
17.4750500000
17.4726000000
17.4701400000
17.4676800000
17.4652300000
17.4627700000
17.4603100000
17.4578600000
17.4554000000
17.4529400000
17.4504900000
17.4480300000
17.4455600000
17.4430800000
17.4406100000
17.4381300000
17.4356500000
17.4331700000
17.4306900000
17.4282100000
17.4257300000
17.4232500000
17.4207700000
17.4182900000
17.4158100000
17.4133300000
17.4108500000
17.4083700000
17.4058900000
17.4034100000
17.4009300000
17.3984500000
17.3959700000
17.3934900000
17.3910100000
17.3885200000
17.3860300000
17.3835400000
17.3810600000
17.3785700000
17.3760800000
17.3736000000
17.3711100000
17.3686200000
17.3661300000
17.3636500000
17.3611600000
17.3586700000
17.3561900000
17.3536800000
17.3511800000
17.3486800000
17.3461800000
17.3436700000
17.3411600000
17.3386500000
17.3361400000
17.3336300000
17.3311200000
17.3286100000
17.3261000000
17.3235900000
17.3210800000
17.3185700000
17.3160600000
17.3135500000
17.3110400000
17.3085300000
17.3060200000
17.3035100000
17.3010000000
17.2984900000
17.2959800000
17.2934700000
17.2909600000
17.2884500000
17.2859400000
17.2834300000
17.2809200000
17.2784100000
17.2759000000
17.2733900000
17.2708800000
17.2683600000
17.2658500000
17.2633300000
17.2608100000
17.2582900000
17.2557800000
17.2532600000
17.2507200000
17.2481900000
17.2456600000
17.2431300000
17.2405900000
17.2380600000
17.2355300000
17.2329900000
17.2304600000
17.2279300000
17.2254000000
17.2228600000
17.2203300000
17.2178000000
17.2152600000
17.2127200000
17.2101800000
17.2076400000
17.2051000000
17.2025600000
17.2000200000
17.1974800000
17.1949400000
17.1924000000
17.1898600000
17.1873200000
17.1847800000
17.1822400000
17.1797000000
17.1771500000
17.1746100000
17.1720700000
17.1695200000
17.1669500000
17.1643900000
17.1618300000
17.1592600000
17.1567000000
17.1541400000
17.1515700000
17.1490100000
17.1464500000
17.1438800000
17.1413200000
17.1387600000
17.1361900000
17.1336300000
17.1310700000
17.1284900000
17.1259200000
17.1233500000
17.1207800000
17.1182100000
17.1156400000
17.1130700000
17.1105000000
17.1079300000
17.1053500000
17.1027800000
17.1002100000
17.0976400000
17.0950700000
17.0925000000
17.0899200000
17.0873400000
17.0847600000
17.0821800000
17.0796100000
17.0770300000
17.0744500000
17.0718700000
17.0692900000
17.0667100000
17.0641300000
17.0615400000
17.0589400000
17.0563500000
17.0537600000
17.0511600000
17.0485700000
17.0459700000
17.0433800000
17.0407900000
17.0381900000
17.0356000000
17.0330000000
17.0304100000
17.0278200000
17.0252200000
17.0226200000
17.0200200000
17.0174200000
17.0148200000
17.0122100000
17.0096100000
17.0070100000
17.0044100000
17.0018100000
16.9992100000
16.9966000000
16.9940000000
16.9914000000
16.9888000000
16.9862000000
16.9836000000
16.9810000000
16.9783900000
16.9757900000
16.9731900000
16.9705900000
16.9679900000
16.9653900000
16.9627800000
16.9601700000
16.9575700000
16.9549600000
16.9523500000
16.9497400000
16.9471300000
16.9445200000
16.9419100000
16.9392900000
16.9366600000
16.9340400000
16.9314100000
16.9287900000
16.9261600000
16.9235400000
16.9209100000
16.9182900000
16.9156600000
16.9130400000
16.9104100000
16.9077800000
16.9051400000
16.9025100000
16.8998800000
16.8972500000
16.8946200000
16.8919800000
16.8893500000
16.8867200000
16.8840900000
16.8814500000
16.8788200000
16.8761900000
16.8735600000
16.8709300000
16.8682900000
16.8656500000
16.8630100000
16.8603700000
16.8577300000
16.8550900000
16.8524500000
16.8498100000
16.8471700000
16.8445100000
16.8418600000
16.8392000000
16.8365500000
16.8338900000
16.8312300000
16.8285700000
16.8259000000
16.8232400000
16.8205800000
16.8179200000
16.8152500000
16.8125900000
16.8099300000
16.8072700000
16.8046000000
16.8019400000
16.7992800000
16.7966200000
16.7939500000
16.7912800000
16.7886000000
16.7859300000
16.7832600000
16.7805900000
16.7779200000
16.7752500000
16.7725800000
16.7699100000
16.7672400000
16.7645700000
16.7619000000
16.7592300000
16.7565600000
16.7538900000
16.7512200000
16.7485500000
16.7458800000
16.7432100000
16.7405400000
16.7378700000
16.7352000000
16.7325300000
16.7298600000
16.7271900000
16.7245200000
16.7218500000
16.7191800000
16.7165000000
16.7138200000
16.7111300000
16.7084400000
16.7057400000
16.7030500000
16.7003600000
16.6976600000
16.6949700000
16.6922800000
16.6895800000
16.6868900000
16.6842000000
16.6815000000
16.6788100000
16.6761200000
16.6734200000
16.6707300000
16.6680400000
16.6653400000
16.6626500000
16.6599500000
16.6572500000
16.6545500000
16.6518500000
16.6491500000
16.6464500000
16.6437500000
16.6410300000
16.6383100000
16.6356000000
16.6328800000
16.6301700000
16.6274400000
16.6247200000
16.6219900000
16.6192700000
16.6165500000
16.6138200000
16.6111000000
16.6083800000
16.6056500000
16.6029300000
16.6002000000
16.5974800000
16.5947500000
16.5920200000
16.5892900000
16.5865600000
16.5838200000
16.5810900000
16.5783600000
16.5756300000
16.5729000000
16.5701700000
16.5674400000
16.5647000000
16.5619700000
16.5592400000
16.5565100000
16.5537800000
16.5510500000
16.5483000000
16.5455500000
16.5427900000
16.5400400000
16.5372800000
16.5345300000
16.5317800000
16.5290200000
16.5262700000
16.5235100000
16.5207600000
16.5180100000
16.5152500000
16.5125000000
16.5097400000
16.5069900000
16.5042300000
16.5014800000
16.4987300000
16.4959600000
16.4932000000
16.4904400000
16.4876800000
16.4849200000
16.4821500000
16.4793900000
16.4766300000
16.4738700000
16.4711100000
16.4683500000
16.4655800000
16.4628200000
16.4600600000
16.4573000000
16.4545400000
16.4517700000
16.4490100000
16.4462400000
16.4434700000
16.4407000000
16.4379300000
16.4351600000
16.4323900000
16.4296200000
16.4268500000
16.4240800000
16.4213100000
16.4185400000
16.4157700000
16.4130000000
16.4102300000
16.4074600000
16.4046900000
16.4019100000
16.3991200000
16.3963400000
16.3935500000
16.3907500000
16.3879600000
16.3851700000
16.3823800000
16.3795900000
16.3767900000
16.3740000000
16.3712100000
16.3684200000
16.3656200000
16.3628300000
16.3600400000
16.3572500000
16.3544500000
16.3516600000
16.3488600000
16.3460600000
16.3432600000
16.3404600000
16.3376600000
16.3348600000
16.3320600000
16.3292600000
16.3264600000
16.3236600000
16.3208600000
16.3180600000
16.3152600000
16.3124600000
16.3096500000
16.3068300000
16.3040200000
16.3011900000
16.2983700000
16.2955500000
16.2927200000
16.2899000000
16.2870800000
16.2842600000
16.2814300000
16.2786100000
16.2757900000
16.2729600000
16.2701400000
16.2673200000
16.2645000000
16.2616700000
16.2588500000
16.2560300000
16.2532000000
16.2503800000
16.2475600000
16.2447300000
16.2419000000
16.2390700000
16.2362400000
16.2334100000
16.2305800000
16.2277500000
16.2249100000
16.2220700000
16.2192200000
16.2163800000
16.2135300000
16.2106900000
16.2078400000
16.2049900000
16.2021500000
16.1993000000
16.1964500000
16.1936000000
16.1907400000
16.1878900000
16.1850400000
16.1821800000
16.1793300000
16.1764800000
16.1736200000
16.1707700000
16.1679200000
16.1650600000
16.1622100000
16.1593600000
16.1564900000
16.1536300000
16.1507700000
16.1479100000
16.1450300000
16.1421600000
16.1392800000
16.1364100000
16.1335300000
16.1306500000
16.1277800000
16.1249000000
16.1220200000
16.1191500000
16.1162700000
16.1134000000
16.1105200000
16.1076400000
16.1047700000
16.1018800000
16.0990000000
16.0961200000
16.0932300000
16.0903500000
16.0874600000
16.0845800000
16.0817000000
16.0788100000
16.0759300000
16.0730400000
16.0701600000
16.0672800000
16.0643900000
16.0615100000
16.0586200000
16.0557400000
16.0528600000
16.0499700000
16.0470900000
16.0442000000
16.0413200000
16.0384300000
16.0355400000
16.0326500000
16.0297500000
16.0268600000
16.0239600000
16.0210500000
16.0181400000
16.0152400000
16.0123300000
16.0094200000
16.0065200000
16.0036100000
16.0007000000
15.9978000000
15.9948800000
15.9919700000
15.9890500000
15.9861400000
15.9832200000
15.9803100000
15.9773900000
15.9744800000
15.9715700000
15.9686500000
15.9657400000
15.9628200000
15.9599100000
15.9569900000
15.9540800000
15.9511600000
15.9482300000
15.9453100000
15.9423900000
15.9394700000
15.9365500000
15.9336200000
15.9307000000
15.9277600000
15.9248300000
15.9218900000
15.9189500000
15.9160200000
15.9130800000
15.9101300000
15.9071900000
15.9042400000
15.9013000000
15.8983500000
15.8954100000
15.8924600000
15.8895200000
15.8865700000
15.8836300000
15.8806800000
15.8777400000
15.8747900000
15.8718500000
15.8689000000
15.8659400000
15.8629900000
15.8600400000
15.8570900000
15.8541300000
15.8511800000
15.8482300000
15.8452800000
15.8423200000
15.8393700000
15.8364200000
15.8334700000
15.8305100000
15.8275600000
15.8246000000
15.8216400000
15.8186600000
15.8156900000
15.8127100000
15.8097400000
15.8067600000
15.8037900000
15.8008100000
15.7978400000
15.7948600000
15.7918900000
15.7889100000
15.7859300000
15.7829500000
15.7799700000
15.7769900000
15.7740000000
15.7710200000
15.7680400000
15.7650500000
15.7620700000
15.7590900000
15.7561000000
15.7531200000
15.7501400000
15.7471500000
15.7441700000
15.7411900000
15.7382000000
15.7352200000
15.7322400000
15.7292500000
15.7262600000
15.7232700000
15.7202800000
15.7172900000
15.7142900000
15.7113000000
15.7083100000
15.7053200000
15.7023200000
15.6993100000
15.6963000000
15.6933000000
15.6902900000
15.6872900000
15.6842800000
15.6812700000
15.6782500000
15.6752400000
15.6722300000
15.6692100000
15.6662000000
15.6631900000
15.6601700000
15.6571600000
15.6541400000
15.6511300000
15.6481200000
15.6451000000
15.6420900000
15.6390700000
15.6360500000
15.6330300000
15.6300000000
15.6269800000
15.6239500000
15.6209100000
15.6178700000
15.6148400000
15.6118000000
15.6087600000
15.6057300000
15.6026900000
15.5996500000
15.5966000000
15.5935600000
15.5905200000
15.5874700000
15.5844300000
15.5813800000
15.5783400000
15.5752900000
15.5722500000
15.5692100000
15.5661600000
15.5631200000
15.5600700000
15.5570100000
15.5539600000
15.5509100000
15.5478400000
15.5447800000
15.5417100000
15.5386400000
15.5355800000
15.5325100000
15.5294400000
15.5263700000
15.5233100000
15.5202400000
15.5171700000
15.5141100000
15.5110400000
15.5079700000
15.5049100000
15.5018300000
15.4987600000
15.4956800000
15.4926100000
15.4895300000
15.4864600000
15.4833800000
15.4803100000
15.4772300000
15.4741600000
15.4710800000
15.4680100000
15.4649400000
15.4618600000
15.4587900000
15.4557100000
15.4526400000
15.4495600000
15.4464800000
15.4434000000
15.4403200000
15.4372300000
15.4341500000
15.4310700000
15.4279900000
15.4248900000
15.4217900000
15.4186900000
15.4156000000
15.4125000000
15.4093900000
15.4062900000
15.4031800000
15.4000800000
15.3969700000
15.3938700000
15.3907600000
15.3876600000
15.3845500000
15.3814500000
15.3783400000
15.3752300000
15.3721200000
15.3690000000
15.3658900000
15.3627800000
15.3596600000
15.3565500000
15.3534200000
15.3503000000
15.3471700000
15.3440400000
15.3409100000
15.3377800000
15.3346500000
15.3315100000
15.3283800000
15.3252400000
15.3221100000
15.3189700000
15.3158300000
15.3127000000
15.3095600000
15.3064300000
15.3032900000
15.3001600000
15.2970200000
15.2938800000
15.2907500000
15.2876100000
15.2844600000
15.2813200000
15.2781800000
15.2750300000
15.2718900000
15.2687500000
15.2656000000
15.2624400000
15.2592800000
15.2561300000
15.2529700000
15.2498100000
15.2466500000
15.2434900000
15.2403300000
15.2371600000
15.2339900000
15.2308300000
15.2276600000
15.2244900000
15.2213300000
15.2181600000
15.2150000000
15.2118300000
15.2086600000
15.2055000000
15.2023300000
15.1991700000
15.1959900000
15.1928200000
15.1896400000
15.1864700000
15.1833000000
15.1801200000
15.1769500000
15.1737700000
15.1706000000
15.1674300000
15.1642500000
15.1610600000
15.1578800000
15.1546900000
15.1515000000
15.1483100000
15.1451100000
15.1419100000
15.1387200000
15.1355200000
15.1323200000
15.1291300000
15.1259300000
15.1227300000
15.1195400000
15.1163400000
15.1131400000
15.1099500000
15.1067500000
15.1035500000
15.1003600000
15.0971500000
15.0939500000
15.0907400000
15.0875400000
15.0843400000
15.0811300000
15.0779300000
15.0747200000
15.0715200000
15.0683000000
15.0650800000
15.0618600000
15.0586400000
15.0554200000
15.0521900000
15.0489700000
15.0457400000
15.0425100000
15.0392800000
15.0360600000
15.0328300000
15.0296000000
15.0263700000
15.0231500000
15.0199200000
15.0166900000
15.0134700000
15.0102300000
15.0070000000
15.0037600000
15.0005300000
14.9972900000
14.9940600000
14.9908200000
14.9875700000
14.9843200000
14.9810700000
14.9778200000
14.9745700000
14.9713200000
14.9680600000
14.9648100000
14.9615500000
14.9582900000
14.9550300000
14.9517700000
14.9485200000
14.9452600000
14.9420000000
14.9387400000
14.9354900000
14.9322300000
14.9289700000
14.9257000000
14.9224400000
14.9191700000
14.9158900000
14.9126100000
14.9093300000
14.9060500000
14.9027700000
14.8994900000
14.8962100000
14.8929300000
14.8896500000
14.8863700000
14.8830800000
14.8797900000
14.8765000000
14.8732100000
14.8699300000
14.8666400000
14.8633500000
14.8600600000
14.8567700000
14.8534900000
14.8502000000
14.8469100000
14.8436200000
14.8403300000
14.8370400000
14.8337500000
14.8304500000
14.8271600000
14.8238600000
14.8205500000
14.8172400000
14.8139300000
14.8106200000
14.8073000000
14.8039900000
14.8006800000
14.7973700000
14.7940600000
14.7907400000
14.7874200000
14.7841000000
14.7807800000
14.7774700000
14.7741500000
14.7708300000
14.7675100000
14.7641900000
14.7608700000
14.7575500000
14.7542300000
14.7509000000
14.7475700000
14.7442500000
14.7409200000
14.7375900000
14.7342700000
14.7309400000
14.7276000000
14.7242600000
14.7209200000
14.7175800000
14.7142300000
14.7108800000
14.7075300000
14.7041800000
14.7008300000
14.6974800000
14.6941300000
14.6907800000
14.6874300000
14.6840800000
14.6807300000
14.6773800000
14.6740300000
14.6706800000
14.6673200000
14.6639600000
14.6606100000
14.6572500000
14.6538900000
14.6505400000
14.6471800000
14.6438200000
14.6404600000
14.6371100000
14.6337500000
14.6303800000
14.6270100000
14.6236300000
14.6202500000
14.6168700000
14.6134900000
14.6101200000
14.6067400000
14.6033600000
14.5999800000
14.5966000000
14.5932200000
14.5898400000
14.5864600000
14.5830700000
14.5796800000
14.5762900000
14.5729100000
14.5695200000
14.5661300000
14.5627400000
14.5593400000
14.5559400000
14.5525400000
14.5491300000
14.5457200000
14.5423000000
14.5388900000
14.5354800000
14.5320700000
14.5286600000
14.5252500000
14.5218400000
14.5184300000
14.5150200000
14.5116000000
14.5081900000
14.5047700000
14.5013500000
14.4979300000
14.4945000000
14.4910700000
14.4876300000
14.4842000000
14.4807700000
14.4773300000
14.4739000000
14.4704600000
14.4670200000
14.4635800000
14.4601400000
14.4567000000
14.4532500000
14.4498100000
14.4463700000
14.4429300000
14.4394900000
14.4360500000
14.4326100000
14.4291700000
14.4257300000
14.4222900000
14.4188400000
14.4153900000
14.4119400000
14.4084900000
14.4050400000
14.4016000000
14.3981500000
14.3947000000
14.3912400000
14.3877700000
14.3843100000
14.3808400000
14.3773800000
14.3739200000
14.3704500000
14.3669700000
14.3635000000
14.3600300000
14.3565600000
14.3530900000
14.3496200000
14.3461500000
14.3426700000
14.3392000000
14.3357300000
14.3322500000
14.3287700000
14.3252900000
14.3218200000
14.3183400000
14.3148600000
14.3113600000
14.3078700000
14.3043700000
14.3008800000
14.2973900000
14.2938800000
14.2903800000
14.2868800000
14.2833800000
14.2798800000
14.2763700000
14.2728700000
14.2693700000
14.2658700000
14.2623700000
14.2588700000
14.2553600000
14.2518500000
14.2483400000
14.2448300000
14.2413300000
14.2378200000
14.2343100000
14.2308000000
14.2272900000
14.2237600000
14.2202400000
14.2167100000
14.2131800000
14.2096500000
14.2061200000
14.2025800000
14.1990500000
14.1955200000
14.1919900000
14.1884500000
14.1849200000
14.1813900000
14.1778600000
14.1743200000
14.1707800000
14.1672400000
14.1637000000
14.1601600000
14.1566200000
14.1530800000
14.1495400000
14.1460000000
14.1424400000
14.1388800000
14.1353100000
14.1317500000
14.1281900000
14.1246300000
14.1210600000
14.1175000000
14.1139400000
14.1103700000
14.1068100000
14.1032500000
14.0996900000
14.0961200000
14.0925400000
14.0889700000
14.0854000000
14.0818300000
14.0782600000
14.0746900000
14.0711200000
14.0675500000
14.0639800000
14.0604100000
14.0568400000
14.0532500000
14.0496700000
14.0460700000
14.0424800000
14.0388900000
14.0352900000
14.0317000000
14.0281100000
14.0245100000
14.0209200000
14.0173300000
14.0137300000
14.0101400000
14.0065500000
14.0029500000
13.9993500000
13.9957500000
13.9921500000
13.9885500000
13.9849500000
13.9813500000
13.9777500000
13.9741400000
13.9705300000
13.9669100000
13.9632900000
13.9596600000
13.9560400000
13.9524200000
13.9487900000
13.9451700000
13.9415400000
13.9379200000
13.9343000000
13.9306700000
13.9270500000
13.9234200000
13.9197800000
13.9161500000
13.9125200000
13.9088900000
13.9052600000
13.9016300000
13.8979800000
13.8943300000
13.8906700000
13.8870200000
13.8833600000
13.8797100000
13.8760500000
13.8724000000
13.8687400000
13.8650900000
13.8614300000
13.8577700000
13.8541100000
13.8504500000
13.8467900000
13.8431200000
13.8394600000
13.8358000000
13.8321400000
13.8284800000
13.8248100000
13.8211300000
13.8174400000
13.8137600000
13.8100700000
13.8063900000
13.8027000000
13.7990200000
13.7953300000
13.7916500000
13.7879600000
13.7842700000
13.7805800000
13.7768900000
13.7731900000
13.7695000000
13.7658100000
13.7621200000
13.7584200000
13.7547300000
13.7510400000
13.7473400000
13.7436500000
13.7399500000
13.7362500000
13.7325500000
13.7288400000
13.7251200000
13.7214100000
13.7176900000
13.7139700000
13.7102600000
13.7065400000
13.7028300000
13.6991000000
13.6953800000
13.6916600000
13.6879300000
13.6842100000
13.6804900000
13.6767700000
13.6730400000
13.6693200000
13.6656000000
13.6618700000
13.6581400000
13.6544100000
13.6506800000
13.6469500000
13.6432200000
13.6394900000
13.6357600000
13.6320100000
13.6282700000
13.6245200000
13.6207700000
13.6170300000
13.6132700000
13.6095200000
13.6057700000
13.6020100000
13.5982600000
13.5945100000
13.5907500000
13.5870000000
13.5832400000
13.5794900000
13.5757400000
13.5719800000
13.5682100000
13.5644500000
13.5606800000
13.5569000000
13.5531200000
13.5493500000
13.5455700000
13.5417900000
13.5380200000
13.5342300000
13.5304500000
13.5266600000
13.5228800000
13.5191000000
13.5153100000
13.5115300000
13.5077400000
13.5039600000
13.5001600000
13.4963600000
13.4925500000
13.4887500000
13.4849400000
13.4811300000
13.4773300000
13.4735200000
13.4697100000
13.4659000000
13.4621000000
13.4582900000
13.4544800000
13.4506700000
13.4468500000
13.4430400000
13.4392200000
13.4354100000
13.4315900000
13.4277800000
13.4239700000
13.4201400000
13.4163100000
13.4124700000
13.4086300000
13.4047900000
13.4009600000
13.3971200000
13.3932800000
13.3894400000
13.3856000000
13.3817700000
13.3779300000
13.3740900000
13.3702500000
13.3664000000
13.3625600000
13.3587100000
13.3548700000
13.3510200000
13.3471800000
13.3433300000
13.3394900000
13.3356400000
13.3317900000
13.3279500000
13.3240900000
13.3202200000
13.3163500000
13.3124800000
13.3086200000
13.3047500000
13.3008800000
13.2970100000
13.2931400000
13.2892800000
13.2854100000
13.2815400000
13.2776600000
13.2737900000
13.2699100000
13.2660400000
13.2621600000
13.2582900000
13.2544100000
13.2505300000
13.2466600000
13.2427800000
13.2389000000
13.2350200000
13.2311300000
13.2272500000
13.2233700000
13.2194700000
13.2155700000
13.2116700000
13.2077700000
13.2038700000
13.1999700000
13.1960600000
13.1921500000
13.1882500000
13.1843400000
13.1804400000
13.1765300000
13.1726200000
13.1687200000
13.1648100000
13.1609000000
13.1569800000
13.1530700000
13.1491500000
13.1452400000
13.1413300000
13.1374100000
13.1335000000
13.1295900000
13.1256700000
13.1217400000
13.1178100000
13.1138800000
13.1099400000
13.1060000000
13.1020700000
13.0981300000
13.0941900000
13.0902600000
13.0863200000
13.0823800000
13.0784500000
13.0745100000
13.0705700000
13.0666400000
13.0626900000
13.0587500000
13.0548000000
13.0508600000
13.0469100000
13.0429700000
13.0390200000
13.0350600000
13.0311100000
13.0271500000
13.0231900000
13.0192300000
13.0152700000
13.0113000000
13.0073300000
13.0033600000
12.9994000000
12.9954300000
12.9914600000
12.9875000000
12.9835300000
12.9795600000
12.9755900000
12.9716300000
12.9676600000
12.9636900000
12.9597200000
12.9557500000
12.9517700000
12.9478000000
12.9438100000
12.9398200000
12.9358300000
12.9318400000
12.9278500000
12.9238600000
12.9198700000
12.9158800000
12.9118900000
12.9079000000
12.9039100000
12.8999100000
12.8959100000
12.8919100000
12.8879200000
12.8839200000
12.8799200000
12.8759200000
12.8719300000
12.8679300000
12.8639300000
12.8599300000
12.8559300000
12.8519200000
12.8479100000
12.8438900000
12.8398700000
12.8358500000
12.8318300000
12.8278000000
12.8237800000
12.8197600000
12.8157400000
12.8117200000
12.8077000000
12.8036800000
12.7996600000
12.7956400000
12.7916100000
12.7875800000
12.7835500000
12.7795300000
12.7755000000
12.7714700000
12.7674400000
12.7634100000
12.7593800000
12.7553600000
12.7513300000
12.7473000000
12.7432700000
12.7392300000
12.7351800000
12.7311400000
12.7271000000
12.7230500000
12.7189900000
12.7149400000
12.7108900000
12.7068400000
12.7027900000
12.6987400000
12.6946900000
12.6906400000
12.6865800000
12.6825300000
12.6784800000
12.6744300000
12.6703800000
12.6663200000
12.6622600000
12.6582000000
12.6541400000
12.6500900000
12.6460300000
12.6419700000
12.6379100000
12.6338500000
12.6297900000
12.6257300000
12.6216700000
12.6176100000
12.6135600000
12.6095000000
12.6054400000
12.6013800000
12.5973200000
12.5932500000
12.5891900000
12.5851200000
12.5810500000
12.5769900000
12.5729200000
12.5688600000
12.5647900000
12.5607200000
12.5566600000
12.5525900000
12.5485200000
12.5444600000
12.5403900000
12.5363200000
12.5322600000
12.5281900000
12.5241200000
12.5200400000
12.5159600000
12.5118800000
12.5078000000
12.5037200000
12.4996300000
12.4955400000
12.4914600000
12.4873700000
12.4832800000
12.4791900000
12.4751000000
12.4710100000
12.4669200000
12.4628300000
12.4587400000
12.4546500000
12.4505600000
12.4464700000
12.4423800000
12.4382900000
12.4342000000
12.4301100000
12.4260300000
12.4219400000
12.4178500000
12.4137600000
12.4096700000
12.4055800000
12.4014900000
12.3974000000
12.3933100000
12.3892200000
12.3851300000
12.3810400000
12.3769500000
12.3728600000
12.3687700000
12.3646700000
12.3605700000
12.3564800000
12.3523800000
12.3482800000
12.3441800000
12.3400900000
12.3359900000
12.3318900000
12.3278000000
12.3237000000
12.3196000000
12.3155100000
12.3114100000
12.3073100000
12.3032200000
12.2991200000
12.2950200000
12.2909200000
12.2868300000
12.2827300000
12.2786300000
12.2745400000
12.2704400000
12.2663400000
12.2622500000
12.2581500000
12.2540500000
12.2499500000
12.2458600000
12.2417600000
12.2376600000
12.2335700000
12.2294700000
12.2253700000
12.2212800000
12.2171800000
12.2130800000
12.2089800000
12.2049000000
12.2008100000
12.1967200000
12.1926300000
12.1885400000
12.1844500000
12.1803600000
12.1762700000
12.1721800000
12.1680900000
12.1640000000
12.1599100000
12.1558200000
12.1517300000
12.1476400000
12.1435500000
12.1394700000
12.1353800000
12.1312900000
12.1272000000
12.1231100000
12.1190200000
12.1149300000
12.1108400000
12.1067500000
12.1026600000
12.0985700000
12.0944800000
12.0903900000
12.0863000000
12.0822100000
12.0781300000
12.0740500000
12.0699800000
12.0659000000
12.0618400000
12.0577700000
12.0537000000
12.0496400000
12.0455700000
12.0415000000
12.0374400000
12.0333700000
12.0293000000
12.0252400000
12.0211700000
12.0171100000
12.0130400000
12.0089700000
12.0049100000
12.0008400000
11.9967800000
11.9927200000
11.9886600000
11.9846000000
11.9805500000
11.9764900000
11.9724300000
11.9683700000
11.9643100000
11.9602500000
11.9562100000
11.9521600000
11.9481200000
11.9440800000
11.9400500000
11.9360100000
11.9319800000
11.9279400000
11.9239000000
11.9198700000
11.9158300000
11.9118000000
11.9077600000
11.9037200000
11.8997000000
11.8956700000
11.8916400000
11.8876100000
11.8835800000
11.8795500000
11.8755300000
11.8715000000
11.8674700000
11.8634400000
11.8594300000
11.8554200000
11.8514200000
11.8474100000
11.8434100000
11.8394000000
11.8354000000
11.8313900000
11.8273800000
11.8233800000
11.8193700000
11.8153800000
11.8113800000
11.8073800000
11.8033800000
11.7993900000
11.7953900000
11.7913900000
11.7873900000
11.7834000000
11.7794100000
11.7754200000
11.7714500000
11.7674700000
11.7635000000
11.7595200000
11.7555500000
11.7515800000
11.7476100000
11.7436400000
11.7396800000
11.7357100000
11.7317400000
11.7277800000
11.7238100000
11.7198500000
11.7158900000
11.7119300000
11.7079800000
11.7040400000
11.7001000000
11.6961500000
11.6922100000
11.6882700000
11.6843300000
11.6804000000
11.6764600000
11.6725200000
11.6685900000
11.6646600000
11.6607300000
11.6568000000
11.6528900000
11.6489700000
11.6450600000
11.6411400000
11.6372400000
11.6333300000
11.6294300000
11.6255200000
11.6216100000
11.6177100000
11.6138100000
11.6099100000
11.6060300000
11.6021400000
11.5982600000
11.5943800000
11.5905000000
11.5866200000
11.5827500000
11.5788700000
11.5750000000
11.5711200000
11.5672700000
11.5634200000
11.5595600000
11.5557100000
11.5518600000
11.5480000000
11.5441600000
11.5403100000
11.5364700000
11.5326200000
11.5287800000
11.5249600000
11.5211300000
11.5173100000
11.5134900000
11.5096700000
11.5058400000
11.5020300000
11.4982100000
11.4944000000
11.4905900000
11.4867700000
11.4829700000
11.4791800000
11.4753900000
11.4716000000
11.4678000000
11.4640100000
11.4602300000
11.4564400000
11.4526600000
11.4488800000
11.4451100000
11.4413400000
11.4375800000
11.4338200000
11.4300500000
11.4262900000
11.4225300000
11.4187800000
11.4150200000
11.4112700000
11.4075300000
11.4037900000
11.4000600000
11.3963300000
11.3926000000
11.3888700000
11.3851400000
11.3814200000
11.3776900000
11.3739700000
11.3702600000
11.3665500000
11.3628500000
11.3591500000
11.3554500000
11.3517500000
11.3480500000
11.3443600000
11.3406700000
11.3369800000
11.3333000000
11.3296300000
11.3259600000
11.3222900000
11.3186200000
11.3149500000
11.3112900000
11.3076200000
11.3039600000
11.3003200000
11.2966800000
11.2930400000
11.2894000000
11.2857600000
11.2821200000
11.2784900000
11.2748600000
11.2712200000
11.2675900000
11.2639800000
11.2603800000
11.2567700000
11.2531600000
11.2495500000
11.2459500000
11.2423500000
11.2387500000
11.2351500000
11.2315700000
11.2279900000
11.2244100000
11.2208300000
11.2172600000
11.2136900000
11.2101200000
11.2065500000
11.2029800000
11.1994200000
11.1958700000
11.1923200000
11.1887700000
11.1852300000
11.1816900000
11.1781500000
11.1746100000
11.1710700000
11.1675400000
11.1640100000
11.1604900000
11.1569700000
11.1534700000
11.1499600000
11.1464500000
11.1429400000
11.1394300000
11.1359300000
11.1324300000
11.1289300000
11.1254400000
11.1219600000
11.1184800000
11.1150100000
11.1115300000
11.1080600000
11.1045800000
11.1011100000
11.0976600000
11.0942100000
11.0907600000
11.0873100000
11.0838600000
11.0804200000
11.0769800000
11.0735400000
11.0701000000
11.0666800000
11.0632600000
11.0598400000
11.0564300000
11.0530100000
11.0496000000
11.0461900000
11.0427800000
11.0393800000
11.0360000000
11.0326100000
11.0292200000
11.0258300000
11.0224500000
11.0190700000
11.0156900000
11.0123300000
11.0089700000
11.0056200000
11.0022600000
10.9989000000
10.9955500000
10.9922000000
10.9888500000
10.9855200000
10.9821900000
10.9788600000
10.9755300000
10.9722100000
10.9688800000
10.9655600000
10.9622400000
10.9589400000
10.9556400000
10.9523300000
10.9490400000
10.9457400000
10.9424400000
10.9391500000
10.9358600000
10.9325700000
10.9293000000
10.9260300000
10.9227500000
10.9194900000
10.9162200000
10.9129600000
10.9096900000
10.9064300000
10.9031800000
10.8999400000
10.8967000000
10.8934600000
10.8902200000
10.8869900000
10.8837500000
10.8805200000
10.8773000000
10.8740800000
10.8708700000
10.8676600000
10.8644500000
10.8612500000
10.8580400000
10.8548400000
10.8516300000
10.8484400000
10.8452600000
10.8420800000
10.8389000000
10.8357200000
10.8325400000
10.8293600000
10.8261900000
10.8230100000
10.8198600000
10.8167000000
10.8135500000
10.8104000000
10.8072400000
10.8040900000
10.8009500000
10.7978100000
10.7946600000
10.7915400000
10.7884100000
10.7852900000
10.7821700000
10.7790500000
10.7759300000
10.7728100000
10.7696900000
10.7665800000
10.7634700000
10.7603700000
10.7572800000
10.7541900000
10.7511000000
10.7480100000
10.7449200000
10.7418400000
10.7387600000
10.7356700000
10.7325900000
10.7295100000
10.7264500000
10.7233900000
10.7203300000
10.7172700000
10.7142100000
10.7111600000
10.7081100000
10.7050600000
10.7020000000
10.6989600000
10.6959300000
10.6929000000
10.6898700000
10.6868400000
10.6838200000
10.6808000000
10.6777800000
10.6747600000
10.6717400000
10.6687300000
10.6657300000
10.6627300000
10.6597300000
10.6567400000
10.6537500000
10.6507600000
10.6477700000
10.6447800000
10.6417900000
10.6388100000
10.6358300000
10.6328600000
10.6298900000
10.6269300000
10.6239700000
10.6210100000
10.6180500000
10.6150900000
10.6121400000
10.6091900000
10.6062300000
10.6032800000
10.6003400000
10.5974100000
10.5944800000
10.5915500000
10.5886200000
10.5856900000
10.5827600000
10.5798400000
10.5769200000
10.5740000000
10.5710900000
10.5681800000
10.5652900000
10.5623900000
10.5594900000
10.5565900000
10.5536900000
10.5508000000
10.5479100000
10.5450100000
10.5421200000
10.5392500000
10.5363800000
10.5335100000
10.5306400000
10.5277700000
10.5249000000
10.5220300000
10.5191700000
10.5163100000
10.5134500000
10.5105900000
10.5077400000
10.5049100000
10.5020700000
10.4992300000
10.4963900000
10.4935500000
10.4907200000
10.4878900000
10.4850500000
10.4822200000
10.4794100000
10.4765900000
10.4737800000
10.4709700000
10.4681600000
10.4653600000
10.4625500000
10.4597400000
10.4569400000
10.4541400000
10.4513400000
10.4485400000
10.4457600000
10.4429700000
10.4401900000
10.4374200000
10.4346400000
10.4318600000
10.4290900000
10.4263100000
10.4235400000
10.4207700000
10.4180000000
10.4152500000
10.4124900000
10.4097400000
10.4069900000
10.4042400000
10.4015000000
10.3987500000
10.3960000000
10.3932600000
10.3905200000
10.3877800000
10.3850400000
10.3823000000
10.3795600000
10.3768400000
10.3741200000
10.3714100000
10.3686900000
10.3659800000
10.3632600000
10.3605400000
10.3578300000
10.3551200000
10.3524100000
10.3497000000
10.3469900000
10.3442900000
10.3415800000
10.3388900000
10.3362100000
10.3335200000
10.3308300000
10.3281500000
10.3254600000
10.3227900000
10.3201100000
10.3174300000
10.3147500000
10.3120700000
10.3094000000
10.3067200000
10.3040500000
10.3013900000
10.2987400000
10.2960800000
10.2934300000
10.2907700000
10.2881300000
10.2854800000
10.2828300000
10.2801800000
10.2775400000
10.2748900000
10.2722500000
10.2696100000
10.2669800000
10.2643600000
10.2617300000
10.2591100000
10.2564900000
10.2538700000
10.2512500000
10.2486400000
10.2460200000
10.2434000000
10.2407800000
10.2381700000
10.2355500000
10.2329600000
10.2303600000
10.2277700000
10.2251700000
10.2225800000
10.2199900000
10.2173900000
10.2148100000
10.2122200000
10.2096300000
10.2070500000
10.2044600000
10.2018700000
10.1992900000
10.1967200000
10.1941600000
10.1916000000
10.1890300000
10.1864700000
10.1839100000
10.1813400000
10.1787800000
10.1762200000
10.1736700000
10.1711100000
10.1685600000
10.1660000000
10.1634500000
10.1609100000
10.1583700000
10.1558300000
10.1533000000
10.1507700000
10.1482300000
10.1457000000
10.1431700000
10.1406300000
10.1381100000
10.1355800000
10.1330600000
10.1305300000
10.1280100000
10.1254800000
10.1229700000
10.1204600000
10.1179600000
10.1154600000
10.1129600000
10.1104500000
10.1079500000
10.1054500000
10.1029500000
10.1004400000
10.0979500000
10.0954500000
10.0929600000
10.0904600000
10.0879700000
10.0854700000
10.0829800000
10.0805000000
10.0780300000
10.0755600000
10.0730800000
10.0706100000
10.0681400000
10.0656700000
10.0632000000
10.0607200000
10.0582500000
10.0557900000
10.0533200000
10.0508600000
10.0484000000
10.0459300000
10.0434700000
10.0410000000
10.0385400000
10.0360700000
10.0336200000
10.0311800000
10.0287300000
10.0262900000
10.0238500000
10.0214100000
10.0189700000
10.0165300000
10.0141000000
10.0116700000
10.0092300000
10.0068000000
10.0043700000
10.0019300000
9.9994980000
9.9970650000
9.9946380000
9.9922120000
9.9897860000
9.9873750000
9.9849640000
9.9825530000
9.9801430000
9.9777320000
9.9753280000
9.9729250000
9.9705220000
9.9681190000
9.9657150000
9.9633120000
9.9609090000
9.9585060000
9.9561020000
9.9537070000
9.9513110000
9.9489150000
9.9465200000
9.9441390000
9.9417590000
9.9393790000
9.9369980000
9.9346180000
9.9322380000
9.9298650000
9.9274920000
9.9251190000
9.9227470000
9.9203740000
9.9180010000
9.9156280000
9.9132570000
9.9108840000
9.9085110000
9.9061460000
9.9037810000
9.9014160000
9.8990660000
9.8967160000
9.8943660000
9.8920160000
9.8896670000
9.8873170000
9.8849670000
9.8826250000
9.8802820000
9.8779400000
9.8755980000
9.8732560000
9.8709140000
9.8685710000
9.8662290000
9.8638870000
9.8615450000
9.8592020000
9.8568680000
9.8545330000
9.8522140000
9.8498950000
9.8475750000
9.8452560000
9.8429370000
9.8406170000
9.8382980000
9.8359790000
9.8336590000
9.8313400000
9.8290280000
9.8267160000
9.8244050000
9.8220930000
9.8197810000
9.8174700000
9.8151580000
9.8128460000
9.8105340000
9.8082230000
9.8059260000
9.8036380000
9.8013490000
9.7990600000
9.7967710000
9.7944820000
9.7921930000
9.7899050000
9.7876160000
9.7853270000
9.7830380000
9.7807490000
9.7784680000
9.7761870000
9.7739060000
9.7716250000
9.7693430000
9.7670620000
9.7647810000
9.7625000000
9.7602190000
9.7579530000
9.7556870000
9.7534210000
9.7511630000
9.7489040000
9.7466460000
9.7443880000
9.7421290000
9.7398710000
9.7376130000
9.7353540000
9.7330970000
9.7308390000
9.7285800000
9.7263220000
9.7240640000
9.7218130000
9.7195630000
9.7173120000
9.7150610000
9.7128110000
9.7105600000
9.7083090000
9.7060590000
9.7038230000
9.7015880000
9.6993520000
9.6971170000
9.6948810000
9.6926540000
9.6904260000
9.6881980000
9.6859700000
9.6837430000
9.6815150000
9.6792870000
9.6770590000
9.6748310000
9.6726040000
9.6703760000
9.6681480000
9.6659200000
9.6637000000
9.6614800000
9.6592600000
9.6570400000
9.6548190000
9.6525990000
9.6503940000
9.6481900000
9.6459850000
9.6437800000
9.6415750000
9.6393700000
9.6371650000
9.6349600000
9.6327630000
9.6305660000
9.6283680000
9.6261710000
9.6239740000
9.6217770000
9.6195790000
9.6173820000
9.6151850000
9.6129880000
9.6107900000
9.6085930000
9.6063960000
9.6041980000
9.6020010000
9.5998040000
9.5976140000
9.5954250000
9.5932350000
9.5910450000
9.5888560000
9.5866670000
9.5844770000
9.5823030000
9.5801290000
9.5779540000
9.5757800000
9.5736060000
9.5714310000
9.5692570000
9.5670820000
9.5649160000
9.5627490000
9.5605820000
9.5584150000
9.5562490000
9.5540820000
9.5519150000
9.5497480000
9.5475820000
9.5454150000
9.5432480000
9.5410810000
9.5389150000
9.5367480000
9.5345810000
9.5324140000
9.5302550000
9.5280960000
9.5259370000
9.5237780000
9.5216340000
9.5194900000
9.5173460000
9.5152030000
9.5130590000
9.5109150000
9.5087710000
9.5066270000
9.5044830000
9.5023390000
9.5001960000
9.4980590000
9.4959230000
9.4937870000
9.4916510000
9.4895140000
9.4873780000
9.4852420000
9.4831060000
9.4809690000
9.4788330000
9.4766970000
9.4745610000
9.4724250000
9.4702880000
9.4681520000
9.4660160000
9.4638800000
9.4617600000
9.4596390000
9.4575250000
9.4554120000
9.4532990000
9.4511850000
9.4490720000
9.4469590000
9.4448450000
9.4427320000
9.4406190000
9.4385050000
9.4363920000
9.4342780000
9.4321650000
9.4300520000
9.4279380000
9.4258250000
9.4237120000
9.4215980000
9.4194850000
9.4173790000
9.4152740000
9.4131680000
9.4110620000
9.4089570000
9.4068510000
9.4047450000
9.4026390000
9.4005340000
9.3984280000
9.3963380000
9.3942470000
9.3921570000
9.3900660000
9.3879760000
9.3858850000
9.3837950000
9.3817040000
9.3796140000
9.3775310000
9.3754480000
9.3733650000
9.3712830000
9.3692000000
9.3671170000
9.3650340000
9.3629510000
9.3608680000
9.3587860000
9.3567030000
9.3546200000
9.3525370000
9.3504550000
9.3483720000
9.3462900000
9.3442070000
9.3421240000
9.3400410000
9.3379580000
9.3358760000
9.3338000000
9.3317250000
9.3296500000
9.3275750000
9.3255000000
9.3234240000
9.3213490000
9.3192740000
9.3171990000
9.3151390000
9.3130790000
9.3110190000
9.3089590000
9.3068990000
9.3048390000
9.3027790000
9.3007190000
9.2986590000
9.2965990000
9.2945390000
9.2924870000
9.2904350000
9.2883830000
9.2863300000
9.2842780000
9.2822260000
9.2801730000
9.2781210000
9.2760690000
9.2740160000
9.2719640000
9.2699120000
9.2678590000
9.2658070000
9.2637550000
9.2617030000
9.2596500000
9.2575980000
9.2555460000
9.2534930000
9.2514420000
9.2493900000
9.2473450000
9.2453000000
9.2432560000
9.2412260000
9.2391970000
9.2371670000
9.2351380000
9.2331090000
9.2310790000
9.2290500000
9.2270200000
9.2249910000
9.2229610000
9.2209320000
9.2189030000
9.2168730000
9.2148440000
9.2128140000
9.2107850000
9.2087550000
9.2067260000
9.2046970000
9.2026670000
9.2006450000
9.1986240000
9.1966020000
9.1945800000
9.1925580000
9.1905360000
9.1885150000
9.1864930000
9.1844710000
9.1824490000
9.1804280000
9.1784060000
9.1763840000
9.1743620000
9.1723400000
9.1703190000
9.1682970000
9.1662750000
9.1642530000
9.1622310000
9.1602110000
9.1581960000
9.1561820000
9.1541680000
9.1521540000
9.1501400000
9.1481260000
9.1461110000
9.1440970000
9.1420830000
9.1400690000
9.1380550000
9.1360560000
9.1340570000
9.1320580000
9.1300590000
9.1280600000
9.1260610000
9.1240630000
9.1220640000
9.1200650000
9.1180660000
9.1160750000
9.1140830000
9.1120920000
9.1101010000
9.1081090000
9.1061180000
9.1041270000
9.1021360000
9.1001440000
9.0981530000
9.0961620000
9.0941710000
9.0921790000
9.0901880000
9.0881970000
9.0862050000
9.0842140000
9.0822230000
9.0802320000
9.0782400000
9.0762500000
9.0742590000
9.0722750000
9.0702920000
9.0683080000
9.0663240000
9.0643410000
9.0623570000
9.0603730000
9.0583900000
9.0564060000
9.0544220000
9.0524390000
9.0504550000
9.0484710000
9.0464880000
9.0445040000
9.0425210000
9.0405370000
9.0385530000
9.0365700000
9.0345860000
9.0326020000
9.0306260000
9.0286500000
9.0266740000
9.0246980000
9.0227220000
9.0207460000
9.0187700000
9.0167940000
9.0148180000
9.0128420000
9.0108660000
9.0088900000
9.0069290000
9.0049690000
9.0030080000
9.0010470000
8.9990870000
8.9971270000
8.9951660000
8.9932050000
8.9912440000
8.9892840000
8.9873300000
8.9853770000
8.9834240000
8.9814710000
8.9795180000
8.9775650000
8.9756120000
8.9736590000
8.9717050000
8.9697520000
8.9677990000
8.9658460000
8.9638930000
8.9619400000
8.9599870000
8.9580340000
8.9560800000
8.9541270000
8.9521740000
8.9502210000
8.9482680000
8.9463150000
8.9443620000
8.9424090000
8.9404550000
8.9385020000
8.9365490000
8.9345960000
8.9326430000
8.9306900000
8.9287370000
8.9267910000
8.9248470000
8.9229010000
8.9209560000
8.9190100000
8.9170650000
8.9151190000
8.9131740000
8.9112280000
8.9092830000
8.9073370000
8.9053920000
8.9034460000
8.9015010000
8.8995550000
8.8976100000
8.8956640000
8.8937190000
8.8917730000
8.8898430000
8.8879130000
8.8859830000
8.8840520000
8.8821220000
8.8801920000
8.8782620000
8.8763310000
8.8744010000
8.8724710000
8.8705410000
8.8686100000
8.8666800000
8.8647500000
8.8628200000
8.8608890000
8.8589590000
8.8570300000
8.8551000000
8.8531770000
8.8512540000
8.8493320000
8.8474090000
8.8454870000
8.8435640000
8.8416410000
8.8397190000
8.8377960000
8.8358740000
8.8339510000
8.8320280000
8.8301060000
8.8281830000
8.8262610000
8.8243380000
8.8224150000
8.8204930000
8.8185700000
8.8166480000
8.8147250000
8.8128020000
8.8108800000
8.8089570000
8.8070340000
8.8051120000
8.8032050000
8.8012970000
8.7993900000
8.7974820000
8.7955750000
8.7936680000
8.7917610000
8.7898540000
8.7879470000
8.7860390000
8.7841320000
8.7822250000
8.7803170000
8.7784100000
8.7765030000
8.7745950000
8.7726880000
8.7707810000
8.7688730000
8.7669660000
8.7650590000
8.7631510000
8.7612440000
8.7593360000
8.7574370000
8.7555370000
8.7536370000
8.7517380000
8.7498380000
8.7479380000
8.7460380000
8.7441390000
8.7422390000
8.7403390000
8.7384400000
8.7365400000
8.7346400000
8.7327400000
8.7308420000
8.7289420000
8.7270420000
8.7251420000
8.7232430000
8.7213430000
8.7194430000
8.7175440000
8.7156440000
8.7137440000
8.7118440000
8.7099450000
8.7080450000
8.7061450000
8.7042460000
8.7023460000
8.7004460000
8.6985460000
8.6966470000
8.6947470000
8.6928470000
8.6909480000
8.6890480000
8.6871480000
8.6852480000
8.6833640000
8.6814790000
8.6795950000
8.6777110000
8.6758260000
8.6739420000
8.6720570000
8.6701730000
8.6682880000
8.6664050000
8.6645200000
8.6626360000
8.6607510000
8.6588670000
8.6569820000
8.6550980000
8.6532140000
8.6513290000
8.6494450000
8.6475600000
8.6456760000
8.6437910000
8.6419070000
8.6400220000
8.6381380000
8.6362530000
8.6343690000
8.6324840000
8.6306080000
8.6287310000
8.6268540000
8.6249770000
8.6231000000
8.6212230000
8.6193470000
8.6174700000
8.6155930000
8.6137160000
8.6118390000
8.6099630000
8.6080870000
8.6062250000
8.6043630000
8.6025020000
8.6006400000
8.5987790000
8.5969170000
8.5950560000
8.5931940000
8.5913320000
8.5894710000
8.5876090000
8.5857480000
8.5838860000
8.5820250000
8.5801630000
8.5783010000
8.5764400000
8.5745780000
8.5727170000
8.5708550000
8.5689940000
8.5671320000
8.5652700000
8.5634090000
8.5615470000
8.5596860000
8.5578240000
8.5559640000
8.5541020000
8.5522400000
8.5503790000
8.5485170000
8.5466560000
8.5447940000
8.5429330000
8.5410710000
8.5392090000
8.5373480000
8.5354860000
8.5336250000
8.5317630000
8.5299020000
8.5280400000
8.5261780000
8.5243170000
8.5224550000
8.5205940000
8.5187320000
8.5168700000
8.5150090000
8.5131470000
8.5112860000
8.5094240000
8.5075630000
8.5057020000
8.5038400000
8.5019790000
8.5001170000
8.4982560000
8.4963940000
8.4945330000
8.4926710000
8.4908090000
8.4889480000
8.4870860000
8.4852250000
8.4833630000
8.4815020000
8.4796400000
8.4777780000
8.4759170000
8.4740550000
8.4722090000
8.4703630000
8.4685160000
8.4666700000
8.4648310000
8.4629930000
8.4611540000
8.4593150000
8.4574770000
8.4556390000
8.4538000000
8.4519620000
8.4501230000
8.4482840000
8.4464450000
8.4446070000
8.4427680000
8.4409290000
8.4390910000
8.4372520000
8.4354130000
8.4335750000
8.4317360000
8.4298970000
8.4280590000
8.4262200000
8.4243810000
8.4225430000
8.4207040000
8.4188650000
8.4170270000
8.4151880000
8.4133490000
8.4115100000
8.4096720000
8.4078340000
8.4059950000
8.4041570000
8.4023180000
8.4004790000
8.3986410000
8.3968020000
8.3949630000
8.3931250000
8.3912860000
8.3894470000
8.3876090000
8.3857700000
8.3839310000
8.3820920000
8.3802540000
8.3784150000
8.3765760000
8.3747380000
8.3728990000
8.3710760000
8.3692520000
8.3674290000
8.3656050000
8.3637820000
8.3619590000
8.3601360000
8.3583130000
8.3564890000
8.3546660000
8.3528420000
8.3510190000
8.3491950000
8.3473720000
8.3455490000
8.3437250000
8.3419020000
8.3400780000
8.3382550000
8.3364320000
8.3346080000
8.3327850000
8.3309610000
8.3291380000
8.3273140000
8.3254910000
8.3236680000
8.3218440000
8.3200210000
8.3181970000
8.3163740000
8.3145500000
8.3127270000
8.3109040000
8.3090800000
8.3072570000
8.3054330000
8.3036110000
8.3017870000
8.2999640000
8.2981410000
8.2963170000
8.2944940000
8.2926700000
8.2908470000
8.2890230000
