22.5000000000
22.4999900000
22.5000100000
22.4999600000
22.4998900000
22.4998900000
22.4998900000
22.4998900000
22.4998900000
22.4998900000
22.4998900000
22.4998900000
22.4998100000
22.4998100000
22.4998100000
22.4998100000
22.4998100000
22.4998100000
22.4998100000
22.4998100000
22.4998100000
22.4998100000
22.4996900000
22.4996900000
22.4996900000
22.4996900000
22.4996900000
22.4995300000
22.4993400000
22.4991000000
22.4988300000
22.4985200000
22.4981800000
22.4978300000
22.4974500000
22.4970900000
22.4967300000
22.4963900000
22.4960700000
22.4957700000
22.4955100000
22.4952500000
22.4950100000
22.4948000000
22.4945800000
22.4943900000
22.4942000000
22.4940300000
22.4938600000
22.4937100000
22.4935600000
22.4934300000
22.4933000000
22.4931900000
22.4930900000
22.4929800000
22.4929000000
22.4928100000
22.4927400000
22.4926800000
22.4926100000
22.4925400000
22.4924900000
22.4924300000
22.4923800000
22.4923200000
22.4922500000
22.4921700000
22.4921000000
22.4920100000
22.4919300000
22.4918200000
22.4917100000
22.4916000000
22.4914900000
22.4913500000
22.4912100000
22.4910700000
22.4909200000
22.4907700000
22.4906000000
22.4904300000
22.4902500000
22.4900700000
22.4898800000
22.4897000000
22.4895100000
22.4893000000
22.4890900000
22.4888800000
22.4886600000
22.4884400000
22.4882200000
22.4880000000
22.4877700000
22.4875400000
22.4873100000
22.4870800000
22.4868500000
22.4866300000
22.4864000000
22.4861600000
22.4859200000
22.4857000000
22.4854800000
22.4852600000
22.4850400000
22.4848200000
22.4846000000
22.4843800000
22.4841500000
22.4839300000
22.4837100000
22.4834900000
22.4832700000
22.4830500000
22.4828300000
22.4826000000
22.4823800000
22.4821600000
22.4819400000
22.4817100000
22.4814800000
22.4812500000
22.4810300000
22.4808000000
22.4805700000
22.4803400000
22.4801100000
22.4798700000
22.4796400000
22.4794000000
22.4791600000
22.4789300000
22.4786900000
22.4784500000
22.4782000000
22.4779600000
22.4777100000
22.4774700000
22.4772300000
22.4769800000
22.4767300000
22.4764800000
22.4762300000
22.4759800000
22.4757200000
22.4754700000
22.4752200000
22.4749600000
22.4747000000
22.4744400000
22.4741800000
22.4739200000
22.4736600000
22.4734000000
22.4731400000
22.4728700000
22.4726000000
22.4723400000
22.4720700000
22.4718000000
22.4715300000
22.4712700000
22.4709900000
22.4707200000
22.4704400000
22.4701700000
22.4698900000
22.4696200000
22.4693500000
22.4690600000
22.4687800000
22.4685000000
22.4682200000
22.4679300000
22.4676500000
22.4673700000
22.4670900000
22.4668000000
22.4665100000
22.4662200000
22.4659300000
22.4656400000
22.4653500000
22.4650700000
22.4647800000
22.4644900000
22.4641900000
22.4638900000
22.4635900000
22.4632900000
22.4630000000
22.4627000000
22.4624000000
22.4621000000
22.4618100000
22.4615000000
22.4612000000
22.4608900000
22.4605900000
22.4602800000
22.4599800000
22.4596700000
22.4593700000
22.4590500000
22.4587400000
22.4584300000
22.4581100000
22.4578000000
22.4574900000
22.4571800000
22.4568600000
22.4565500000
22.4562300000
22.4559100000
22.4555900000
22.4552700000
22.4549500000
22.4546300000
22.4543100000
22.4539900000
22.4536700000
22.4533400000
22.4530100000
22.4526800000
22.4523500000
22.4520300000
22.4517000000
22.4513700000
22.4510400000
22.4507100000
22.4503800000
22.4500400000
22.4497100000
22.4493700000
22.4490400000
22.4487000000
22.4483600000
22.4480300000
22.4476900000
22.4473500000
22.4470100000
22.4466600000
22.4463200000
22.4459800000
22.4456300000
22.4452900000
22.4449500000
22.4446000000
22.4442500000
22.4439000000
22.4435500000
22.4432000000
22.4428500000
22.4425000000
22.4421500000
22.4418000000
22.4414400000
22.4410900000
22.4407300000
22.4403800000
22.4400200000
22.4396600000
22.4393000000
22.4389400000
22.4385800000
22.4382200000
22.4378700000
22.4375100000
22.4371400000
22.4367800000
22.4364100000
22.4360400000
22.4356800000
22.4353100000
22.4349400000
22.4345800000
22.4342100000
22.4338500000
22.4334700000
22.4331000000
22.4327100000
22.4323200000
22.4319300000
22.4315400000
22.4311500000
22.4307600000
22.4303700000
22.4299900000
22.4295900000
22.4291900000
22.4287900000
22.4284000000
22.4280000000
22.4276000000
22.4272100000
22.4268100000
22.4264100000
22.4260200000
22.4256100000
22.4252100000
22.4248000000
22.4244000000
22.4240000000
22.4235900000
22.4231900000
22.4227800000
22.4223800000
22.4219700000
22.4215600000
22.4211500000
22.4207400000
22.4203300000
22.4199100000
22.4195000000
22.4190900000
22.4186800000
22.4182700000
22.4178500000
22.4174300000
22.4170200000
22.4166000000
22.4161800000
22.4157600000
22.4153400000
22.4149200000
22.4145000000
22.4140800000
22.4136600000
22.4132400000
22.4128100000
22.4123800000
22.4119600000
22.4115300000
22.4111000000
22.4106800000
22.4102500000
22.4098200000
22.4093900000
22.4089700000
22.4085400000
22.4081100000
22.4076800000
22.4072400000
22.4068100000
22.4063700000
22.4059400000
22.4055000000
22.4050700000
22.4046300000
22.4042000000
22.4037600000
22.4033300000
22.4028900000
22.4024400000
22.4020000000
22.4015600000
22.4011200000
22.4006700000
22.4002300000
22.3997900000
22.3993500000
22.3989000000
22.3984600000
22.3980100000
22.3975600000
22.3971100000
22.3966600000
22.3962100000
22.3957600000
22.3953100000
22.3948600000
22.3944100000
22.3939600000
22.3935100000
22.3930600000
22.3926000000
22.3921400000
22.3916900000
22.3912300000
22.3907700000
22.3903100000
22.3898500000
22.3894000000
22.3889400000
22.3884800000
22.3880300000
22.3875800000
22.3871300000
22.3866800000
22.3862300000
22.3857800000
22.3853300000
22.3848900000
22.3844500000
22.3840000000
22.3835800000
22.3831300000
22.3826900000
22.3822500000
22.3818100000
22.3813600000
22.3809100000
22.3804600000
22.3800000000
22.3795400000
22.3790700000
22.3785900000
22.3781000000
22.3776100000
22.3771000000
22.3765900000
22.3760700000
22.3755500000
22.3750200000
22.3745000000
22.3739700000
22.3734400000
22.3729000000
22.3723500000
22.3718000000
22.3712500000
22.3707000000
22.3701700000
22.3696400000
22.3691000000
22.3685700000
22.3680300000
22.3675000000
22.3669700000
22.3664300000
22.3659000000
22.3653600000
22.3648400000
22.3643100000
22.3637800000
22.3632600000
22.3627300000
22.3622100000
22.3616900000
22.3611700000
22.3606500000
22.3601300000
22.3596100000
22.3590900000
22.3585700000
22.3580600000
22.3575400000
22.3570200000
22.3564900000
22.3559600000
22.3554400000
22.3549100000
22.3543900000
22.3538500000
22.3533200000
22.3527800000
22.3522500000
22.3517200000
22.3511700000
22.3506300000
22.3500900000
22.3495500000
22.3490100000
22.3484600000
22.3479100000
22.3473600000
22.3468100000
22.3462600000
22.3457000000
22.3451500000
22.3445900000
22.3440300000
22.3434800000
22.3429200000
22.3423400000
22.3417600000
22.3411800000
22.3406000000
22.3400200000
22.3394400000
22.3388600000
22.3382800000
22.3377000000
22.3371200000
22.3365400000
22.3359600000
22.3353800000
22.3348000000
22.3342200000
22.3336500000
22.3330800000
22.3325200000
22.3319600000
22.3314100000
22.3308500000
22.3303000000
22.3297500000
22.3292000000
22.3286500000
22.3281000000
22.3275700000
22.3270300000
22.3265000000
22.3259700000
22.3254300000
22.3249000000
22.3243600000
22.3238300000
22.3233000000
22.3227600000
22.3222300000
22.3216900000
22.3211500000
22.3206100000
22.3200700000
22.3195300000
22.3189700000
22.3184100000
22.3178500000
22.3172800000
22.3167200000
22.3161500000
22.3155800000
22.3150100000
22.3144400000
22.3138700000
22.3132800000
22.3126800000
22.3120900000
22.3114900000
22.3109000000
22.3103000000
22.3097000000
22.3091000000
22.3084900000
22.3078900000
22.3072900000
22.3066900000
22.3060800000
22.3054800000
22.3048700000
22.3042600000
22.3036500000
22.3030400000
22.3024300000
22.3018200000
22.3012100000
22.3006000000
22.2999900000
22.2993800000
22.2987700000
22.2981600000
22.2975500000
22.2969400000
22.2963300000
22.2957200000
22.2951000000
22.2944900000
22.2938800000
22.2932700000
22.2926600000
22.2920500000
22.2914400000
22.2908300000
22.2902200000
22.2896100000
22.2890000000
22.2883800000
22.2877700000
22.2871500000
22.2865300000
22.2859100000
22.2852900000
22.2846800000
22.2840600000
22.2834400000
22.2828100000
22.2821700000
22.2815400000
22.2809100000
22.2802700000
22.2796200000
22.2789800000
22.2783400000
22.2777000000
22.2770600000
22.2764200000
22.2757800000
22.2751400000
22.2745000000
22.2738500000
22.2732000000
22.2725500000
22.2719000000
22.2712600000
22.2706100000
22.2699600000
22.2693100000
22.2686600000
22.2680100000
22.2673600000
22.2667200000
22.2660700000
22.2654200000
22.2647700000
22.2641200000
22.2634700000
22.2628300000
22.2621800000
22.2615200000
22.2608600000
22.2602100000
22.2595500000
22.2589000000
22.2582400000
22.2575800000
22.2569300000
22.2562700000
22.2556000000
22.2549300000
22.2542600000
22.2535900000
22.2529100000
22.2522400000
22.2515600000
22.2508900000
22.2502100000
22.2495300000
22.2488500000
22.2481700000
22.2474900000
22.2468100000
22.2461300000
22.2454500000
22.2447700000
22.2440900000
22.2434100000
22.2427200000
22.2420300000
22.2413500000
22.2406600000
22.2399700000
22.2392900000
22.2386000000
22.2379200000
22.2372300000
22.2365400000
22.2358600000
22.2351700000
22.2344800000
22.2338000000
22.2331100000
22.2324200000
22.2317300000
22.2310300000
22.2303400000
22.2296400000
22.2289500000
22.2282600000
22.2275600000
22.2268700000
22.2261700000
22.2254600000
22.2247600000
22.2240600000
22.2233600000
22.2226600000
22.2219500000
22.2212500000
22.2205400000
22.2198300000
22.2191200000
22.2184100000
22.2177000000
22.2170000000
22.2162900000
22.2155800000
22.2148700000
22.2141600000
22.2134500000
22.2127400000
22.2120300000
22.2113200000
22.2106100000
22.2099000000
22.2091900000
22.2084800000
22.2077700000
22.2070600000
22.2063500000
22.2056400000
22.2049200000
22.2042000000
22.2034800000
22.2027500000
22.2020200000
22.2012900000
22.2005500000
22.1998200000
22.1990900000
22.1983600000
22.1976200000
22.1968900000
22.1961500000
22.1954100000
22.1946700000
22.1939300000
22.1931900000
22.1924500000
22.1917100000
22.1909700000
22.1902300000
22.1894900000
22.1887400000
22.1880000000
22.1872500000
22.1865000000
22.1857500000
22.1850100000
22.1842600000
22.1835100000
22.1827600000
22.1820100000
22.1812700000
22.1805200000
22.1797700000
22.1790200000
22.1782600000
22.1775100000
22.1767500000
22.1759900000
22.1752400000
22.1744800000
22.1737300000
22.1729600000
22.1721900000
22.1714200000
22.1706500000
22.1698800000
22.1691100000
22.1683300000
22.1675600000
22.1667900000
22.1660200000
22.1652400000
22.1644600000
22.1636800000
22.1629000000
22.1621200000
22.1613500000
22.1605700000
22.1597900000
22.1590100000
22.1582300000
22.1574600000
22.1566800000
22.1559000000
22.1551200000
22.1543400000
22.1535500000
22.1527600000
22.1519800000
22.1511900000
22.1504100000
22.1496200000
22.1488300000
22.1480500000
22.1472600000
22.1464800000
22.1456900000
22.1449100000
22.1441200000
22.1433300000
22.1425400000
22.1417500000
22.1409500000
22.1401600000
22.1393700000
22.1385700000
22.1377800000
22.1369900000
22.1361900000
22.1354000000
22.1346100000
22.1338100000
22.1330200000
22.1322200000
22.1314000000
22.1305800000
22.1297700000
22.1289500000
22.1281400000
22.1273200000
22.1265000000
22.1256900000
22.1248700000
22.1240500000
22.1232400000
22.1224200000
22.1216000000
22.1207800000
22.1199600000
22.1191300000
22.1183100000
22.1174900000
22.1166600000
22.1158400000
22.1150100000
22.1141900000
22.1133700000
22.1125400000
22.1117200000
22.1108900000
22.1100700000
22.1092500000
22.1084200000
22.1076000000
22.1067700000
22.1059500000
22.1051300000
22.1043000000
22.1034800000
22.1026500000
22.1018300000
22.1010100000
22.1001800000
22.0993600000
22.0985300000
22.0977100000
22.0968900000
22.0960600000
22.0952400000
22.0944100000
22.0935900000
22.0927700000
22.0919400000
22.0911200000
22.0902900000
22.0894700000
22.0886500000
22.0878200000
22.0870000000
22.0861700000
22.0853500000
22.0845200000
22.0836900000
22.0828600000
22.0820200000
22.0811900000
22.0803600000
22.0795100000
22.0786500000
22.0778000000
22.0769400000
22.0760800000
22.0752200000
22.0743600000
22.0734900000
22.0726200000
22.0717500000
22.0708700000
22.0699800000
22.0690900000
22.0682000000
22.0673100000
22.0664100000
22.0655200000
22.0646300000
22.0637400000
22.0628400000
22.0619400000
22.0610400000
22.0601300000
22.0592300000
22.0583300000
22.0574300000
22.0565300000
22.0556400000
22.0547500000
22.0538600000
22.0529600000
22.0520700000
22.0511800000
22.0502900000
22.0493900000
22.0485000000
22.0476100000
22.0467100000
22.0458200000
22.0449300000
22.0440400000
22.0431400000
22.0422500000
22.0413600000
22.0404700000
22.0395700000
22.0386800000
22.0377900000
22.0369000000
22.0360000000
22.0351100000
22.0342200000
22.0333200000
22.0324200000
22.0315200000
22.0306200000
22.0297200000
22.0288200000
22.0279100000
22.0270000000
22.0260900000
22.0251800000
22.0242800000
22.0233700000
22.0224500000
22.0215400000
22.0206200000
22.0197100000
22.0187900000
22.0178800000
22.0169400000
22.0160100000
22.0150800000
22.0141500000
22.0132200000
22.0122900000
22.0113600000
22.0104300000
22.0095000000
22.0085700000
22.0076400000
22.0067100000
22.0057800000
22.0048400000
22.0039100000
22.0030000000
22.0020900000
22.0011800000
22.0002700000
21.9993700000
21.9984600000
21.9975500000
21.9966400000
21.9957400000
21.9948300000
21.9939300000
21.9930300000
21.9921300000
21.9912300000
21.9903300000
21.9894300000
21.9885300000
21.9876300000
21.9867200000
21.9858100000
21.9849000000
21.9839900000
21.9830800000
21.9821600000
21.9812300000
21.9803000000
21.9793600000
21.9784200000
21.9774900000
21.9765400000
21.9755800000
21.9746200000
21.9736500000
21.9726800000
21.9717100000
21.9707400000
21.9697600000
21.9687900000
21.9678100000
21.9668400000
21.9658600000
21.9648800000
21.9638900000
21.9629000000
21.9619100000
21.9609300000
21.9599500000
21.9589800000
21.9580000000
21.9570200000
21.9560500000
21.9550700000
21.9541000000
21.9531300000
21.9521600000
21.9511900000
21.9502300000
21.9492600000
21.9482900000
21.9473200000
21.9463500000
21.9453800000
21.9444100000
21.9434400000
21.9424700000
21.9415100000
21.9405400000
21.9395700000
21.9386000000
21.9376300000
21.9366600000
21.9356800000
21.9347100000
21.9337300000
21.9327500000
21.9317800000
21.9307900000
21.9298100000
21.9288300000
21.9278400000
21.9268600000
21.9258700000
21.9248700000
21.9238800000
21.9228700000
21.9218700000
21.9208600000
21.9198500000
21.9188400000
21.9178200000
21.9168100000
21.9157900000
21.9147800000
21.9137600000
21.9127500000
21.9117400000
21.9107200000
21.9097100000
21.9086900000
21.9076800000
21.9066800000
21.9056700000
21.9046600000
21.9036600000
21.9026600000
21.9016700000
21.9006800000
21.8996900000
21.8987000000
21.8977100000
21.8967100000
21.8957200000
21.8947300000
21.8937400000
21.8927500000
21.8917500000
21.8907600000
21.8897700000
21.8887700000
21.8877700000
21.8867700000
21.8857700000
21.8847700000
21.8837700000
21.8827600000
21.8817400000
21.8807300000
21.8797100000
21.8787000000
21.8776800000
21.8766600000
21.8756300000
21.8746100000
21.8735900000
21.8725700000
21.8715400000
21.8705200000
21.8695000000
21.8684700000
21.8674400000
21.8664100000
21.8653800000
21.8643500000
21.8633200000
21.8622700000
21.8612300000
21.8601800000
21.8591300000
21.8580800000
21.8570300000
21.8559700000
21.8549200000
21.8538700000
21.8528100000
21.8517600000
21.8507100000
21.8496600000
21.8486000000
21.8475500000
21.8465000000
21.8454400000
21.8443900000
21.8433400000
21.8422900000
21.8412200000
21.8401600000
21.8391000000
21.8380400000
21.8369800000
21.8359200000
21.8348600000
21.8338000000
21.8327400000
21.8316800000
21.8306200000
21.8295600000
21.8285000000
21.8274400000
21.8263800000
21.8253200000
21.8242600000
21.8232000000
21.8221400000
21.8210800000
21.8200100000
21.8189500000
21.8178900000
21.8168300000
21.8157600000
21.8146900000
21.8136200000
21.8125500000
21.8114900000
21.8104200000
21.8093500000
21.8082700000
21.8071800000
21.8061000000
21.8050200000
21.8039300000
21.8028500000
21.8017700000
21.8006800000
21.7996000000
21.7985200000
21.7974200000
21.7963300000
21.7952400000
21.7941500000
21.7930600000
21.7919700000
21.7908800000
21.7897900000
21.7887000000
21.7876100000
21.7865100000
21.7854200000
21.7843300000
21.7832400000
21.7821500000
21.7810600000
21.7799600000
21.7788600000
21.7777600000
21.7766600000
21.7755700000
21.7744700000
21.7733700000
21.7722700000
21.7711700000
21.7700700000
21.7689700000
21.7678800000
21.7667800000
21.7656800000
21.7645800000
21.7634700000
21.7623700000
21.7612600000
21.7601400000
21.7590200000
21.7579000000
21.7567700000
21.7556500000
21.7545300000
21.7534100000
21.7522900000
21.7511700000
21.7500500000
21.7489200000
21.7478000000
21.7466800000
21.7455600000
21.7444400000
21.7433100000
21.7421800000
21.7410500000
21.7399200000
21.7387900000
21.7376600000
21.7365300000
21.7354000000
21.7342800000
21.7331500000
21.7320200000
21.7308900000
21.7297600000
21.7286300000
21.7275000000
21.7263700000
21.7252400000
21.7241100000
21.7229800000
21.7218500000
21.7207100000
21.7195700000
21.7184400000
21.7173000000
21.7161600000
21.7150300000
21.7138900000
21.7127500000
21.7116000000
21.7104500000
21.7093000000
21.7081500000
21.7069900000
21.7058400000
21.7046900000
21.7035400000
21.7023800000
21.7012300000
21.7000700000
21.6989100000
21.6977500000
21.6965900000
21.6954300000
21.6942700000
21.6931100000
21.6919500000
21.6907900000
21.6896300000
21.6884700000
21.6873100000
21.6861500000
21.6849900000
21.6838300000
21.6826600000
21.6815000000
21.6803300000
21.6791600000
21.6779900000
21.6768300000
21.6756600000
21.6744900000
21.6733200000
21.6721600000
21.6709900000
21.6698200000
21.6686600000
21.6674900000
21.6663200000
21.6651500000
21.6639900000
21.6628200000
21.6616500000
21.6604800000
21.6593200000
21.6581500000
21.6569800000
21.6558200000
21.6546400000
21.6534700000
21.6522900000
21.6511200000
21.6499400000
21.6487700000
21.6475900000
21.6464200000
21.6452400000
21.6440700000
21.6428900000
21.6417200000
21.6405400000
21.6393700000
21.6381900000
21.6370200000
21.6358400000
21.6346700000
21.6334900000
21.6323200000
21.6311400000
21.6299700000
21.6287800000
21.6275800000
21.6263800000
21.6251800000
21.6239900000
21.6227900000
21.6215900000
21.6203900000
21.6191900000
21.6179800000
21.6167800000
21.6155700000
21.6143600000
21.6131600000
21.6119300000
21.6107000000
21.6094700000
21.6082500000
21.6070200000
21.6057900000
21.6045500000
21.6033200000
21.6020800000
21.6008500000
21.5996100000
21.5983700000
21.5971400000
21.5959000000
21.5946700000
21.5934300000
21.5921900000
21.5909600000
21.5897200000
21.5884900000
21.5872500000
21.5860100000
21.5847800000
21.5835400000
21.5823100000
21.5810700000
21.5798300000
21.5786000000
21.5773600000
21.5761300000
21.5748900000
21.5736500000
21.5724300000
21.5712000000
21.5699700000
21.5687400000
21.5675100000
21.5662800000
21.5650600000
21.5638300000
21.5626000000
21.5613700000
21.5601400000
21.5589100000
21.5576700000
21.5564300000
21.5552000000
21.5539600000
21.5527300000
21.5514900000
21.5502500000
21.5490200000
21.5477800000
21.5465500000
21.5453000000
21.5440600000
21.5428200000
21.5415700000
21.5403300000
21.5390900000
21.5378300000
21.5365600000
21.5352900000
21.5340300000
21.5327600000
21.5314900000
21.5302200000
21.5289500000
21.5276700000
21.5264000000
21.5251100000
21.5238200000
21.5225200000
21.5212200000
21.5199300000
21.5186300000
21.5173300000
21.5160400000
21.5147400000
21.5134400000
21.5121500000
21.5108500000
21.5095500000
21.5082600000
21.5069600000
21.5056600000
21.5043600000
21.5030800000
21.5018000000
21.5005300000
21.4992500000
21.4979800000
21.4967000000
21.4954300000
21.4941600000
21.4928900000
21.4916200000
21.4903600000
21.4890900000
21.4878200000
21.4865600000
21.4852900000
21.4840200000
21.4827600000
21.4814900000
21.4802200000
21.4789600000
21.4776900000
21.4764300000
21.4751600000
21.4738800000
21.4726100000
21.4713400000
21.4700600000
21.4687800000
21.4675000000
21.4662000000
21.4649000000
21.4635900000
21.4622900000
21.4609800000
21.4596600000
21.4583500000
21.4570300000
21.4557100000
21.4543800000
21.4530400000
21.4517000000
21.4503600000
21.4490100000
21.4476700000
21.4463300000
21.4449800000
21.4436400000
21.4423000000
21.4409600000
21.4396100000
21.4382700000
21.4369300000
21.4355900000
21.4342400000
21.4329000000
21.4315600000
21.4302200000
21.4288900000
21.4275500000
21.4262300000
21.4249100000
21.4236000000
21.4222900000
21.4209700000
21.4196600000
21.4183500000
21.4170400000
21.4157300000
21.4144100000
21.4131000000
21.4117900000
21.4104800000
21.4091600000
21.4078500000
21.4065400000
21.4052300000
21.4039200000
21.4026000000
21.4012900000
21.3999800000
21.3986700000
21.3973500000
21.3960400000
21.3947200000
21.3934000000
21.3920800000
21.3907600000
21.3894400000
21.3881200000
21.3868000000
21.3854700000
21.3841200000
21.3827800000
21.3814400000
21.3801000000
21.3787500000
21.3774000000
21.3760500000
21.3747000000
21.3733500000
21.3720000000
21.3706500000
21.3693000000
21.3679500000
21.3665900000
21.3652300000
21.3638800000
21.3625200000
21.3611500000
21.3597700000
21.3584000000
21.3570300000
21.3556500000
21.3542800000
21.3529100000
21.3515300000
21.3501600000
21.3487900000
21.3474100000
21.3460400000
21.3446700000
21.3432900000
21.3419200000
21.3405500000
21.3391700000
21.3378000000
21.3364300000
21.3350500000
21.3336800000
21.3323100000
21.3309200000
21.3295400000
21.3281600000
21.3267800000
21.3240200000
21.3240200000
21.3226400000
21.3212600000
21.3198800000
21.3185000000
21.3171200000
21.3157300000
21.3143500000
21.3129700000
21.3115900000
21.3102100000
21.3088300000
21.3074500000
21.3060700000
21.3046900000
21.3033100000
21.3019300000
21.3005400000
21.2991600000
21.2977800000
21.2963900000
21.2950000000
21.2936100000
21.2922200000
21.2908300000
21.2894400000
21.2880600000
21.2866700000
21.2852800000
21.2838900000
21.2824900000
21.2810800000
21.2796800000
21.2782700000
21.2768700000
21.2754700000
21.2740600000
21.2726600000
21.2712600000
21.2698500000
21.2684500000
21.2670400000
21.2656300000
21.2642200000
21.2628100000
21.2614000000
21.2599900000
21.2585800000
21.2571600000
21.2557500000
21.2543400000
21.2529300000
21.2515200000
21.2501100000
21.2487000000
21.2472800000
21.2458700000
21.2444500000
21.2430300000
21.2416200000
21.2401800000
21.2387500000
21.2373100000
21.2358800000
21.2344400000
21.2330100000
21.2315800000
21.2301400000
21.2287100000
21.2272700000
21.2258400000
21.2244000000
21.2229700000
21.2215300000
21.2201000000
21.2186700000
21.2172300000
21.2158000000
21.2143600000
21.2129300000
21.2114900000
21.2100600000
21.2086300000
21.2071800000
21.2057400000
21.2043000000
21.2028600000
21.2014200000
21.1999700000
21.1985300000
21.1970900000
21.1956500000
21.1942100000
21.1927600000
21.1913100000
21.1898700000
21.1884200000
21.1869700000
21.1855200000
21.1840700000
21.1826200000
21.1811700000
21.1797200000
21.1782700000
21.1768100000
21.1753500000
21.1739000000
21.1724400000
21.1709800000
21.1695300000
21.1680700000
21.1666100000
21.1651500000
21.1637000000
21.1622400000
21.1607800000
21.1593200000
21.1578700000
21.1564100000
21.1549500000
21.1535000000
21.1520400000
21.1505800000
21.1491200000
21.1476700000
21.1462100000
21.1447500000
21.1433000000
21.1418400000
21.1403800000
21.1389200000
21.1374700000
21.1360000000
21.1345400000
21.1330700000
21.1316100000
21.1301400000
21.1286800000
21.1272100000
21.1257500000
21.1242800000
21.1228200000
21.1213400000
21.1198600000
21.1183800000
21.1169000000
21.1154200000
21.1139400000
21.1124500000
21.1109600000
21.1094700000
21.1079900000
21.1065000000
21.1050100000
21.1035200000
21.1020400000
21.1005500000
21.0990600000
21.0975600000
21.0960700000
21.0945700000
21.0930800000
21.0915800000
21.0900900000
21.0885900000
21.0871000000
21.0856000000
21.0840900000
21.0825800000
21.0810700000
21.0795600000
21.0780500000
21.0765400000
21.0750300000
21.0735100000
21.0719900000
21.0704700000
21.0689500000
21.0674400000
21.0659200000
21.0644000000
21.0628800000
21.0613600000
21.0598400000
21.0583300000
21.0568100000
21.0552900000
21.0537700000
21.0522500000
21.0507400000
21.0492200000
21.0477000000
21.0461800000
21.0446600000
21.0431400000
21.0416300000
21.0401100000
21.0385900000
21.0370700000
21.0355500000
21.0340300000
21.0325200000
21.0310000000
21.0294800000
21.0279600000
21.0264400000
21.0249300000
21.0234100000
21.0218900000
21.0203700000
21.0188500000
21.0173300000
21.0158200000
21.0142900000
21.0127600000
21.0112400000
21.0097100000
21.0081900000
21.0066500000
21.0051000000
21.0035600000
21.0020200000
21.0004700000
20.9989200000
20.9973800000
20.9958300000
20.9942800000
20.9927300000
20.9911800000
20.9896300000
20.9880800000
20.9865200000
20.9849600000
20.9834100000
20.9818500000
20.9802900000
20.9787400000
20.9771800000
20.9756200000
20.9740700000
20.9725100000
20.9709500000
20.9694000000
20.9678400000
20.9662900000
20.9647300000
20.9631700000
20.9616200000
20.9600600000
20.9585000000
20.9569500000
20.9553900000
20.9538400000
20.9522900000
20.9507400000
20.9492000000
20.9476500000
20.9461000000
20.9445500000
20.9430000000
20.9414500000
20.9399000000
20.9383500000
20.9367900000
20.9352300000
20.9336800000
20.9321200000
20.9305500000
20.9289800000
20.9274000000
20.9258200000
20.9242400000
20.9226600000
20.9210800000
20.9194900000
20.9179100000
20.9163200000
20.9147300000
20.9131500000
20.9115500000
20.9099400000
20.9083300000
20.9067200000
20.9051100000
20.9035000000
20.9018900000
20.9002700000
20.8986500000
20.8970300000
20.8954200000
20.8938000000
20.8921800000
20.8905600000
20.8889500000
20.8873400000
20.8857300000
20.8841200000
20.8825100000
20.8809000000
20.8792900000
20.8776800000
20.8760800000
20.8744900000
20.8728900000
20.8713100000
20.8697200000
20.8681300000
20.8665500000
20.8649600000
20.8633700000
20.8617900000
20.8602000000
20.8586100000
20.8570300000
20.8554400000
20.8538500000
20.8522600000
20.8506700000
20.8490800000
20.8474800000
20.8458900000
20.8442900000
20.8427000000
20.8411000000
20.8395100000
20.8379100000
20.8363000000
20.8346900000
20.8330700000
20.8314500000
20.8298300000
20.8282200000
20.8265900000
20.8249700000
20.8233400000
20.8217200000
20.8200900000
20.8184700000
20.8168400000
20.8152200000
20.8135900000
20.8119700000
20.8103400000
20.8087100000
20.8070800000
20.8054400000
20.8038100000
20.8021600000
20.8005100000
20.7988700000
20.7972200000
20.7955700000
20.7939400000
20.7923000000
20.7906700000
20.7890400000
20.7874100000
20.7857700000
20.7841400000
20.7825100000
20.7808800000
20.7792400000
20.7776100000
20.7759800000
20.7743500000
20.7727100000
20.7710800000
20.7694500000
20.7678100000
20.7661800000
20.7645500000
20.7629200000
20.7612800000
20.7596500000
20.7580200000
20.7563900000
20.7547500000
20.7531200000
20.7514900000
20.7498600000
20.7482200000
20.7465900000
20.7449600000
20.7433200000
20.7416900000
20.7400500000
20.7384100000
20.7367700000
20.7351300000
20.7334900000
20.7318500000
20.7302100000
20.7285500000
20.7269000000
20.7252300000
20.7235700000
20.7219100000
20.7202500000
20.7185800000
20.7169200000
20.7152600000
20.7135900000
20.7119300000
20.7102700000
20.7086000000
20.7069400000
20.7052700000
20.7036000000
20.7019300000
20.7002600000
20.6985900000
20.6969100000
20.6952400000
20.6935700000
20.6919000000
20.6902300000
20.6885600000
20.6868700000
20.6851900000
20.6835000000
20.6818200000
20.6801300000
20.6784400000
20.6767600000
20.6750600000
20.6733700000
20.6716800000
20.6699800000
20.6682900000
20.6666000000
20.6649000000
20.6632100000
20.6615100000
20.6598200000
20.6581300000
20.6564300000
20.6547200000
20.6530200000
20.6513200000
20.6496200000
20.6479000000
20.6461900000
20.6444700000
20.6427500000
20.6410400000
20.6393200000
20.6376000000
20.6358900000
20.6341700000
20.6324500000
20.6307400000
20.6290200000
20.6273000000
20.6255900000
20.6238700000
20.6221500000
20.6204400000
20.6187400000
20.6170300000
20.6153300000
20.6136300000
20.6119300000
20.6102300000
20.6085300000
20.6068300000
20.6051300000
20.6034200000
20.6017200000
20.6000200000
20.5983200000
20.5966200000
20.5949200000
20.5932200000
20.5915100000
20.5898100000
20.5881000000
20.5863800000
20.5846600000
20.5829300000
20.5812100000
20.5794800000
20.5777600000
20.5760300000
20.5743000000
20.5725700000
20.5708400000
20.5691100000
20.5673800000
20.5656400000
20.5639100000
20.5621800000
20.5604400000
20.5587000000
20.5569600000
20.5552200000
20.5534800000
20.5517400000
20.5500000000
20.5482600000
20.5465200000
20.5447700000
20.5430100000
20.5412600000
20.5395100000
20.5377500000
20.5360000000
20.5342400000
20.5324900000
20.5307300000
20.5289800000
20.5272400000
20.5255000000
20.5237600000
20.5220200000
20.5202800000
20.5185400000
20.5168000000
20.5150600000
20.5133200000
20.5115800000
20.5098400000
20.5081000000
20.5063600000
20.5046200000
20.5028800000
20.5011400000
20.4994000000
20.4976700000
20.4959300000
20.4941800000
20.4924200000
20.4906500000
20.4888900000
20.4871300000
20.4853700000
20.4836000000
20.4818400000
20.4800800000
20.4783200000
20.4765500000
20.4747800000
20.4730100000
20.4712400000
20.4694700000
20.4677000000
20.4659300000
20.4641600000
20.4623900000
20.4606200000
20.4588500000
20.4570800000
20.4553000000
20.4535200000
20.4517300000
20.4499400000
20.4481400000
20.4463500000
20.4445600000
20.4427600000
20.4409700000
20.4391800000
20.4373900000
20.4355900000
20.4338000000
20.4320100000
20.4302100000
20.4284200000
20.4266200000
20.4248200000
20.4230200000
20.4212200000
20.4194200000
20.4176200000
20.4158200000
20.4140200000
20.4122200000
20.4104200000
20.4086200000
20.4068100000
20.4050100000
20.4032100000
20.4014100000
20.3996100000
20.3978100000
20.3960100000
20.3942100000
20.3924100000
20.3906100000
20.3888100000
20.3870100000
20.3852100000
20.3834100000
20.3816100000
20.3798100000
20.3780100000
20.3762000000
20.3743900000
20.3725800000
20.3707700000
20.3689700000
20.3671600000
20.3653300000
20.3635100000
20.3616900000
20.3598600000
20.3580400000
20.3562200000
20.3543900000
20.3525700000
20.3507400000
20.3489100000
20.3470800000
20.3452500000
20.3434100000
20.3415800000
20.3397500000
20.3379200000
20.3360900000
20.3342600000
20.3324300000
20.3306000000
20.3287700000
20.3269300000
20.3251000000
20.3232700000
20.3214400000
20.3196100000
20.3177800000
20.3159500000
20.3141200000
20.3122900000
20.3104600000
20.3086200000
20.3067900000
20.3049600000
20.3031200000
20.3012800000
20.2994500000
20.2976100000
20.2957700000
20.2939300000
20.2920900000
20.2902500000
20.2884100000
20.2865800000
20.2847400000
20.2829000000
20.2810600000
20.2792200000
20.2773700000
20.2755100000
20.2736600000
20.2718000000
20.2699500000
20.2681000000
20.2662400000
20.2643900000
20.2625400000
20.2606700000
20.2588100000
20.2569500000
20.2550900000
20.2532300000
20.2513700000
20.2495000000
20.2476400000
20.2457800000
20.2439200000
20.2420600000
20.2401700000
20.2382900000
20.2364000000
20.2345200000
20.2326400000
20.2307500000
20.2288700000
20.2269800000
20.2251000000
20.2232100000
20.2213300000
20.2194400000
20.2175600000
20.2156800000
20.2137900000
20.2119100000
20.2100200000
20.2081400000
20.2062500000
20.2043700000
20.2024800000
20.2006000000
20.1987200000
20.1968300000
20.1949500000
20.1930600000
20.1911800000
20.1892900000
20.1874100000
20.1855200000
20.1836400000
20.1817600000
20.1798600000
20.1779700000
20.1760800000
20.1741900000
20.1722900000
20.1704000000
20.1685100000
20.1666200000
20.1647300000
20.1628100000
20.1609000000
20.1589800000
20.1570700000
20.1551500000
20.1532400000
20.1513100000
20.1493900000
20.1474700000
20.1455500000
20.1436200000
20.1417000000
20.1397800000
20.1378600000
20.1359300000
20.1340000000
20.1320600000
20.1301300000
20.1282000000
20.1262700000
20.1243400000
20.1224100000
20.1204800000
20.1185500000
20.1166200000
20.1146900000
20.1127600000
20.1108300000
20.1089000000
20.1069700000
20.1050400000
20.1031100000
20.1011800000
20.0992500000
20.0973200000
20.0953900000
20.0934600000
20.0915300000
20.0896000000
20.0876700000
20.0857400000
20.0838100000
20.0818800000
20.0799500000
20.0780200000
20.0760900000
20.0741600000
20.0722300000
20.0703000000
20.0683700000
20.0664400000
20.0645100000
20.0625800000
20.0606500000
20.0587200000
20.0567900000
20.0548600000
20.0529300000
20.0509900000
20.0490600000
20.0471200000
20.0451800000
20.0432400000
20.0413100000
20.0393700000
20.0374300000
20.0354900000
20.0335500000
20.0316000000
20.0296500000
20.0276900000
20.0257400000
20.0237900000
20.0218300000
20.0198700000
20.0179100000
20.0159500000
20.0139800000
20.0120200000
20.0100600000
20.0081000000
20.0061400000
20.0041800000
20.0022200000
20.0002600000
19.9983000000
19.9963400000
19.9943800000
19.9924200000
19.9904600000
19.9884900000
19.9865300000
19.9845700000
19.9826100000
19.9806500000
19.9786900000
19.9767300000
19.9747700000
19.9728100000
19.9708500000
19.9688900000
19.9669300000
19.9649700000
19.9630100000
19.9610400000
19.9590800000
19.9571200000
19.9551500000
19.9531800000
19.9512100000
19.9492400000
19.9472700000
19.9453000000
19.9433200000
19.9413400000
19.9393500000
19.9373700000
19.9353900000
19.9334000000
19.9314200000
19.9294300000
19.9274400000
19.9254500000
19.9234500000
19.9214600000
19.9194700000
19.9174800000
19.9154900000
19.9134900000
19.9114800000
19.9094600000
19.9074500000
19.9054300000
19.9034200000
19.9014100000
19.8993900000
19.8973800000
19.8953600000
19.8933300000
19.8913100000
19.8892900000
19.8872700000
19.8852500000
19.8832200000
19.8812000000
19.8791800000
19.8771600000
19.8751400000
19.8731200000
19.8710900000
19.8690700000
19.8670500000
19.8650300000
19.8630100000
19.8609800000
19.8589600000
19.8569400000
19.8549200000
19.8529000000
19.8508800000
19.8488500000
19.8468300000
19.8448100000
19.8427900000
19.8407700000
19.8387500000
19.8367200000
19.8347000000
19.8326800000
19.8306600000
19.8286400000
19.8266100000
19.8245800000
19.8225600000
19.8205300000
19.8185000000
19.8164700000
19.8144400000
19.8124100000
19.8103600000
19.8083200000
19.8062700000
19.8042200000
19.8021700000
19.8001200000
19.7980700000
19.7960100000
19.7939600000
19.7919100000
19.7898600000
19.7878000000
19.7857500000
19.7837000000
19.7816400000
19.7795800000
19.7775200000
19.7754600000
19.7734000000
19.7713400000
19.7692800000
19.7672200000
19.7651600000
19.7631000000
19.7610400000
19.7589800000
19.7569200000
19.7548600000
19.7528000000
19.7507400000
19.7486800000
19.7466300000
19.7445800000
19.7425200000
19.7404700000
19.7384200000
19.7363700000
19.7343100000
19.7322500000
19.7301900000
19.7281300000
19.7260700000
19.7240100000
19.7219500000
19.7198900000
19.7178300000
19.7157700000
19.7137100000
19.7116500000
19.7095900000
19.7075300000
19.7054700000
19.7034100000
19.7013500000
19.6992800000
19.6972000000
19.6951100000
19.6930300000
19.6909500000
19.6888700000
19.6867800000
19.6847000000
19.6826200000
19.6805300000
19.6784400000
19.6763500000
19.6742600000
19.6721700000
19.6700800000
19.6679900000
19.6659000000
19.6638100000
19.6617200000
19.6596300000
19.6575400000
19.6554500000
19.6533600000
19.6512700000
19.6491800000
19.6470900000
19.6449800000
19.6428700000
19.6407500000
19.6386400000
19.6365300000
19.6344100000
19.6323000000
19.6301900000
19.6280700000
19.6259600000
19.6238500000
19.6217300000
19.6196200000
19.6175100000
19.6153900000
19.6132800000
19.6111700000
19.6090500000
19.6069400000
19.6048300000
19.6027100000
19.6006000000
19.5984900000
19.5963700000
19.5942600000
19.5921500000
19.5900300000
19.5879100000
19.5857800000
19.5836600000
19.5815400000
19.5794200000
19.5773000000
19.5751800000
19.5730600000
19.5709400000
19.5688200000
19.5667000000
19.5645800000
19.5624500000
19.5603300000
19.5582100000
19.5560900000
19.5539700000
19.5518500000
19.5497300000
19.5476100000
19.5454900000
19.5433600000
19.5412300000
19.5391000000
19.5369700000
19.5348400000
19.5327000000
19.5305600000
19.5284100000
19.5262700000
19.5241200000
19.5219800000
19.5198400000
19.5176900000
19.5155500000
19.5134000000
19.5112600000
19.5091100000
19.5069600000
19.5048100000
19.5026600000
19.5005000000
19.4983500000
19.4962000000
19.4940500000
19.4919000000
19.4897500000
19.4875900000
19.4854400000
19.4832800000
19.4811200000
19.4789700000
19.4767900000
19.4746200000
19.4724400000
19.4702700000
19.4680900000
19.4659200000
19.4637500000
19.4615700000
19.4594000000
19.4572200000
19.4550500000
19.4528700000
19.4507000000
19.4485200000
19.4463500000
19.4441800000
19.4420000000
19.4398300000
19.4376500000
19.4354800000
19.4333000000
19.4311300000
19.4289500000
19.4267700000
19.4245800000
19.4224000000
19.4202200000
19.4180400000
19.4158600000
19.4136700000
19.4114900000
19.4093100000
19.4071300000
19.4049500000
19.4027600000
19.4005800000
19.3984000000
19.3962200000
19.3940400000
19.3918500000
19.3896700000
19.3874900000
19.3853100000
19.3831300000
19.3809400000
19.3787500000
19.3765600000
19.3743700000
19.3721800000
19.3700000000
19.3678100000
19.3656200000
19.3634300000
19.3612400000
19.3590500000
19.3568600000
19.3546700000
19.3524600000
19.3502600000
19.3480500000
19.3458400000
19.3436300000
19.3414200000
19.3392000000
19.3369900000
19.3347800000
19.3325700000
19.3303500000
19.3281400000
19.3259300000
19.3237200000
19.3215000000
19.3192900000
19.3170800000
19.3148700000
19.3126500000
19.3104300000
19.3082100000
19.3059900000
19.3037700000
19.3015500000
19.2993300000
19.2971100000
19.2948900000
19.2926700000
19.2904500000
19.2882200000
19.2859800000
19.2837400000
19.2815100000
19.2792700000
19.2770400000
19.2748000000
19.2725500000
19.2703100000
19.2680700000
19.2658200000
19.2635800000
19.2613400000
19.2590900000
19.2568500000
19.2546100000
19.2523700000
19.2501200000
19.2478800000
19.2456300000
19.2433800000
19.2411300000
19.2388800000
19.2366300000
19.2343800000
19.2321200000
19.2298700000
19.2276200000
19.2253700000
19.2231200000
19.2208700000
19.2186000000
19.2163200000
19.2140500000
19.2117800000
19.2095000000
19.2072300000
19.2049600000
19.2026800000
19.2004100000
19.1981400000
19.1958600000
19.1935900000
19.1913100000
19.1890400000
19.1867700000
19.1844900000
19.1822200000
19.1799500000
19.1776700000
19.1754000000
19.1731300000
19.1708500000
19.1685700000
19.1662900000
19.1640100000
19.1617300000
19.1594500000
19.1571700000
19.1548800000
19.1526000000
19.1503200000
19.1480400000
19.1457600000
19.1434800000
19.1412000000
19.1389200000
19.1366300000
19.1343500000
19.1320700000
19.1297900000
19.1275100000
19.1252300000
19.1229500000
19.1206700000
19.1183900000
19.1161000000
19.1138200000
19.1115400000
19.1092600000
19.1069800000
19.1047000000
19.1024200000
19.1001400000
19.0978500000
19.0955700000
19.0932900000
19.0910100000
19.0887300000
19.0864400000
19.0841500000
19.0818600000
19.0795700000
19.0772900000
19.0750000000
19.0727100000
19.0704200000
19.0681300000
19.0658400000
19.0635500000
19.0612600000
19.0589800000
19.0566700000
19.0543700000
19.0520600000
19.0497600000
19.0474500000
19.0451400000
19.0428200000
19.0405100000
19.0382000000
19.0358900000
19.0335800000
19.0312700000
19.0289500000
19.0266300000
19.0243100000
19.0220000000
19.0196800000
19.0173600000
19.0150200000
19.0126900000
19.0103500000
19.0080200000
19.0056800000
19.0033300000
19.0009900000
18.9986500000
18.9963100000
18.9939700000
18.9916200000
18.9892800000
18.9869400000
18.9846000000
18.9822500000
18.9799100000
18.9775700000
18.9752300000
18.9728900000
18.9705400000
18.9682000000
18.9658600000
18.9635200000
18.9611700000
18.9588300000
18.9564800000
18.9541300000
18.9517800000
18.9494300000
18.9470800000
18.9447300000
18.9423700000
18.9400000000
18.9376400000
18.9352700000
18.9329100000
18.9305400000
18.9281800000
18.9258100000
18.9234500000
18.9210800000
18.9187200000
18.9163500000
18.9139900000
18.9116100000
18.9092400000
18.9068700000
18.9045000000
18.9021200000
18.8997500000
18.8973800000
18.8950000000
18.8926300000
18.8902600000
18.8878900000
18.8855100000
18.8831400000
18.8807700000
18.8783900000
18.8760100000
18.8736300000
18.8712500000
18.8688700000
18.8664900000
18.8641100000
18.8617200000
18.8593400000
18.8569600000
18.8545800000
18.8522000000
18.8498200000
18.8474400000
18.8450600000
18.8426800000
18.8403000000
18.8379200000
18.8355400000
18.8331600000
18.8307800000
18.8284000000
18.8260200000
18.8236400000
18.8212600000
18.8188800000
18.8165000000
18.8141100000
18.8117200000
18.8093300000
18.8069500000
18.8045600000
18.8021700000
18.7997800000
18.7973900000
18.7950100000
18.7926000000
18.7902000000
18.7878000000
18.7853900000
18.7829700000
18.7805600000
18.7781500000
18.7757400000
18.7733300000
18.7709200000
18.7685100000
18.7661000000
18.7636900000
18.7612800000
18.7588700000
18.7564500000
18.7540400000
18.7516300000
18.7492100000
18.7467900000
18.7443700000
18.7419500000
18.7395300000
18.7371100000
18.7347000000
18.7322800000
18.7298600000
18.7274400000
18.7250200000
18.7226000000
18.7201800000
18.7177700000
18.7153500000
18.7129300000
18.7105100000
18.7080900000
18.7056700000
18.7032500000
18.7008400000
18.6984000000
18.6959700000
18.6935300000
18.6910900000
18.6886400000
18.6862000000
18.6837600000
18.6813200000
18.6788800000
18.6764400000
18.6740000000
18.6715500000
18.6691100000
18.6666700000
18.6642300000
18.6617900000
18.6593500000
18.6569100000
18.6544600000
18.6520100000
18.6495600000
18.6471100000
18.6446600000
18.6422100000
18.6397600000
18.6373100000
18.6348600000
18.6324200000
18.6299500000
18.6274900000
18.6250200000
18.6225600000
18.6200900000
18.6176200000
18.6151500000
18.6126800000
18.6102100000
18.6077300000
18.6052600000
18.6027900000
18.6003200000
18.5978500000
18.5953800000
18.5929000000
18.5904300000
18.5879600000
18.5854900000
18.5830100000
18.5805300000
18.5780500000
18.5755700000
18.5730900000
18.5706100000
18.5681300000
18.5656500000
18.5631700000
18.5606900000
18.5582100000
18.5557300000
18.5532500000
18.5507700000
18.5482900000
18.5458100000
18.5433300000
18.5408600000
18.5383600000
18.5358700000
18.5333700000
18.5308800000
18.5283800000
18.5258800000
18.5233800000
18.5208700000
18.5183700000
18.5158700000
18.5133700000
18.5108600000
18.5083600000
18.5058600000
18.5033600000
18.5008500000
18.4983500000
18.4958500000
18.4933500000
18.4908400000
18.4883300000
18.4858200000
18.4833100000
18.4808000000
18.4782900000
18.4757800000
18.4732700000
18.4707600000
18.4682500000
18.4657400000
18.4632300000
18.4607200000
18.4582000000
18.4556800000
18.4531600000
18.4506500000
18.4481300000
18.4455900000
18.4430600000
18.4405300000
18.4380000000
18.4354600000
18.4329300000
18.4304000000
18.4278600000
18.4253300000
18.4227900000
18.4202500000
18.4177100000
18.4151700000
18.4126300000
18.4100900000
18.4075500000
18.4050100000
18.4024700000
18.3999300000
18.3973800000
18.3948400000
18.3923000000
18.3897600000
18.3872200000
18.3846800000
18.3821400000
18.3796000000
18.3770600000
18.3745200000
18.3719800000
18.3694400000
18.3669000000
18.3643600000
18.3618200000
18.3592800000
18.3567400000
18.3541900000
18.3516500000
18.3491100000
18.3465700000
18.3440300000
18.3414900000
18.3389400000
18.3364000000
18.3338500000
18.3313000000
18.3287500000
18.3262000000
18.3236500000
18.3210900000
18.3185300000
18.3159600000
18.3134000000
18.3108400000
18.3082700000
18.3057100000
18.3031400000
18.3005700000
18.2980000000
18.2954300000
18.2928500000
18.2902800000
18.2877100000
18.2851400000
18.2825700000
18.2800000000
18.2774300000
18.2748600000
18.2722900000
18.2697100000
18.2671100000
18.2645200000
18.2619200000
18.2593300000
18.2567400000
18.2541400000
18.2515500000
18.2489500000
18.2463600000
18.2437700000
18.2411700000
18.2385800000
18.2359800000
18.2333800000
18.2307800000
18.2281800000
18.2255800000
18.2229800000
18.2203800000
18.2177700000
18.2151700000
18.2125700000
18.2099700000
18.2073500000
18.2047300000
18.2021200000
18.1995000000
18.1968800000
18.1942700000
18.1916400000
18.1890200000
18.1863900000
18.1837700000
18.1811400000
18.1785200000
18.1759000000
18.1732700000
18.1706500000
18.1680200000
18.1654000000
18.1627700000
18.1601500000
18.1575200000
18.1549000000
18.1522800000
18.1496500000
18.1470200000
18.1443900000
18.1417500000
18.1391200000
18.1364900000
18.1338600000
18.1312300000
18.1285900000
18.1259600000
18.1233300000
18.1207000000
18.1180600000
18.1154300000
18.1127900000
18.1101400000
18.1074800000
18.1048300000
18.1021700000
18.0995200000
18.0968600000
18.0942100000
18.0915500000
18.0889000000
18.0862400000
18.0835900000
18.0809300000
18.0782800000
18.0756200000
18.0729700000
18.0703100000
18.0676600000
18.0650000000
18.0623500000
18.0596900000
18.0570400000
18.0543800000
18.0517300000
18.0490700000
18.0464100000
18.0437500000
18.0410800000
18.0384200000
18.0357600000
18.0331000000
18.0304300000
18.0277700000
18.0251100000
18.0224500000
18.0197800000
18.0171200000
18.0144600000
18.0118000000
18.0091300000
18.0064700000
18.0038100000
18.0011400000
17.9984800000
17.9958200000
17.9931600000
17.9904900000
17.9878300000
17.9851700000
17.9825000000
17.9798300000
17.9771600000
17.9744700000
17.9717900000
17.9691000000
17.9664200000
17.9637300000
17.9610400000
17.9583600000
17.9556700000
17.9529800000
17.9502900000
17.9475900000
17.9449000000
17.9422100000
17.9395100000
17.9368200000
17.9341300000
17.9314300000
17.9287300000
17.9260300000
17.9233300000
17.9206300000
17.9179200000
17.9152000000
17.9124800000
17.9097700000
17.9070500000
17.9043400000
17.9016200000
17.8989000000
17.8961700000
17.8934500000
17.8907200000
17.8880000000
17.8852800000
17.8825500000
17.8798300000
17.8771100000
17.8743800000
17.8716600000
17.8689300000
17.8662100000
17.8634900000
17.8607600000
17.8580400000
17.8553200000
17.8525900000
17.8498600000
17.8444000000
17.8444000000
17.8416700000
17.8389400000
17.8362000000
17.8334700000
17.8307400000
17.8280100000
17.8252800000
17.8225500000
17.8198200000
17.8170900000
17.8143500000
17.8115900000
17.8088400000
17.8060800000
17.8033300000
17.8005800000
17.7978200000
17.7950700000
17.7923100000
17.7895600000
17.7868000000
17.7840500000
17.7813000000
17.7785300000
17.7757700000
17.7730100000
17.7702500000
17.7674900000
17.7647200000
17.7619600000
17.7592000000
17.7564400000
17.7536800000
17.7509200000
17.7481500000
17.7453900000
17.7426300000
17.7398700000
17.7371100000
17.7343400000
17.7315800000
17.7288200000
17.7260600000
17.7233000000
17.7205300000
17.7177600000
17.7149900000
17.7122200000
17.7094500000
17.7066800000
17.7039100000
17.7011400000
17.6983700000
17.6956000000
17.6928300000
17.6900600000
17.6872800000
17.6844900000
17.6817100000
17.6789200000
17.6761400000
17.6733600000
17.6705600000
17.6677700000
17.6649800000
17.6621900000
17.6593900000
17.6566000000
17.6538100000
17.6510200000
17.6482200000
17.6454300000
17.6426400000
17.6398500000
17.6370500000
17.6342500000
17.6314500000
17.6286500000
17.6258500000
17.6230500000
17.6202300000
17.6174200000
17.6146000000
17.6117900000
17.6089700000
17.6061600000
17.6033400000
17.6005200000
17.5977000000
17.5948800000
17.5920600000
17.5892300000
17.5864100000
17.5835900000
17.5807600000
17.5779400000
17.5751200000
17.5723000000
17.5694700000
17.5666500000
17.5638300000
17.5610000000
17.5581800000
17.5553500000
17.5525200000
17.5496700000
17.5468300000
17.5439800000
17.5411400000
17.5382900000
17.5354500000
17.5326000000
17.5297500000
17.5269100000
17.5240600000
17.5212100000
17.5183600000
17.5155000000
17.5126500000
17.5098000000
17.5069400000
17.5040900000
17.5012400000
17.4983800000
17.4955300000
17.4926800000
17.4898200000
17.4869700000
17.4841200000
17.4812500000
17.4783900000
17.4755300000
17.4726700000
17.4698100000
17.4669500000
17.4640700000
17.4612000000
17.4583200000
17.4554400000
17.4525700000
17.4496900000
17.4468200000
17.4439400000
17.4410600000
17.4381900000
17.4353100000
17.4324300000
17.4295600000
17.4266800000
17.4238100000
17.4209200000
17.4180400000
17.4151500000
17.4122700000
17.4093900000
17.4065000000
17.4036200000
17.4007300000
17.3978500000
17.3949700000
17.3920800000
17.3892000000
17.3863100000
17.3834200000
17.3805200000
17.3776300000
17.3747400000
17.3718500000
17.3689600000
17.3660500000
17.3631400000
17.3602400000
17.3573300000
17.3544200000
17.3515100000
17.3485900000
17.3456800000
17.3427700000
17.3398500000
17.3369400000
17.3340200000
17.3311100000
17.3281900000
17.3252800000
17.3223600000
17.3194500000
17.3165400000
17.3136200000
17.3107100000
17.3077900000
17.3048800000
17.3019600000
17.2990500000
17.2961300000
17.2932200000
17.2903100000
17.2873900000
17.2844800000
17.2815600000
17.2786500000
17.2757300000
17.2728200000
17.2699000000
17.2669800000
17.2640500000
17.2611300000
17.2582100000
17.2552700000
17.2523300000
17.2494000000
17.2464600000
17.2435200000
17.2405900000
17.2376500000
17.2347100000
17.2317700000
17.2288200000
17.2258800000
17.2229300000
17.2199900000
17.2170400000
17.2141000000
17.2111500000
17.2082100000
17.2052600000
17.2023100000
17.1993600000
17.1964000000
17.1934500000
17.1905000000
17.1875500000
17.1845800000
17.1816100000
17.1786400000
17.1756700000
17.1726900000
17.1697200000
17.1667400000
17.1637600000
17.1607900000
17.1578100000
17.1548400000
17.1518600000
17.1488900000
17.1459100000
17.1429400000
17.1399600000
17.1369900000
17.1340100000
17.1310300000
17.1280400000
17.1250600000
17.1220800000
17.1190900000
17.1161100000
17.1131300000
17.1101500000
17.1071600000
17.1041800000
17.1012000000
17.0982100000
17.0952300000
17.0922500000
17.0892600000
17.0862800000
17.0833000000
17.0803100000
17.0773300000
17.0743400000
17.0713300000
17.0683300000
17.0653200000
17.0623200000
17.0593100000
17.0563000000
17.0533000000
17.0502900000
17.0472900000
17.0442800000
17.0412800000
17.0382700000
17.0352600000
17.0322500000
17.0292400000
17.0262200000
17.0232100000
17.0202000000
17.0171800000
17.0141700000
17.0111500000
17.0081400000
17.0051300000
17.0021000000
16.9990600000
16.9960300000
16.9929900000
16.9899500000
16.9869200000
16.9838800000
16.9808400000
16.9778100000
16.9747700000
16.9717300000
16.9687000000
16.9656600000
16.9626200000
16.9595700000
16.9565300000
16.9534800000
16.9504400000
16.9474000000
16.9443400000
16.9412800000
16.9382200000
16.9351600000
16.9321000000
16.9290300000
16.9259600000
16.9229000000
16.9198300000
16.9167600000
16.9137000000
16.9106300000
16.9075600000
16.9045000000
16.9014300000
16.8983600000
16.8952900000
16.8922300000
16.8891500000
16.8860800000
16.8830000000
16.8799300000
16.8768500000
16.8737800000
16.8707000000
16.8676300000
16.8645600000
16.8614800000
16.8584100000
16.8553300000
16.8522600000
16.8491800000
16.8461100000
16.8430300000
16.8399600000
16.8368800000
16.8338000000
16.8307200000
16.8276400000
16.8245500000
16.8214700000
16.8183900000
16.8153100000
16.8122300000
16.8091300000
16.8060300000
16.8029300000
16.7998400000
16.7967400000
16.7936400000
16.7905400000
16.7874400000
16.7843300000
16.7812300000
16.7781200000
16.7750200000
16.7719100000
16.7688100000
16.7657000000
16.7626000000
16.7594900000
16.7563900000
16.7532800000
16.7501800000
16.7470700000
16.7439700000
16.7408600000
16.7377500000
16.7346400000
16.7315300000
16.7284200000
16.7253000000
16.7221900000
16.7190800000
16.7159700000
16.7128500000
16.7097400000
16.7066300000
16.7035100000
16.7003900000
16.6972600000
16.6941200000
16.6909900000
16.6878500000
16.6847200000
16.6815800000
16.6784400000
16.6753100000
16.6721700000
16.6690300000
16.6658900000
16.6627400000
16.6596000000
16.6564600000
16.6533100000
16.6501700000
16.6470300000
16.6438800000
16.6407400000
16.6375700000
16.6344100000
16.6312400000
16.6280700000
16.6249100000
16.6217400000
16.6185800000
16.6154100000
16.6122400000
16.6090800000
16.6059100000
16.6027500000
16.5995700000
16.5964000000
16.5932200000
16.5900500000
16.5868800000
16.5837000000
16.5805300000
16.5773500000
16.5741800000
16.5710100000
16.5678300000
16.5646600000
16.5614800000
16.5582800000
16.5550800000
16.5518900000
16.5486900000
16.5454900000
16.5423000000
16.5391000000
16.5359000000
16.5327100000
16.5295100000
16.5263100000
16.5231100000
16.5199100000
16.5167000000
16.5135000000
16.5102900000
16.5070900000
16.5038800000
16.5006800000
16.4974700000
16.4942700000
16.4910700000
16.4878600000
16.4846600000
16.4814500000
16.4782500000
16.4750400000
16.4718200000
16.4686100000
16.4654000000
16.4621900000
16.4589600000
16.4557300000
16.4525100000
16.4492800000
16.4460500000
16.4428300000
16.4396000000
16.4363700000
16.4331400000
16.4299200000
16.4266900000
16.4234600000
16.4202300000
16.4170000000
16.4137600000
16.4105300000
16.4073000000
16.4040600000
16.4008300000
16.3975900000
16.3943600000
16.3911200000
16.3878900000
16.3846500000
16.3814200000
16.3781800000
16.3749500000
16.3716900000
16.3684300000
16.3651700000
16.3619200000
16.3586600000
16.3554000000
16.3521400000
16.3488800000
16.3456300000
16.3423700000
16.3391100000
16.3358500000
16.3325800000
16.3293200000
16.3260500000
16.3227800000
16.3195200000
16.3162500000
16.3129700000
16.3096900000
16.3064100000
16.3031200000
16.2998400000
16.2965500000
16.2932600000
16.2899700000
16.2866800000
16.2833900000
16.2801100000
16.2768200000
16.2735300000
16.2702300000
16.2669400000
16.2636400000
16.2603500000
16.2570300000
16.2537200000
16.2504100000
16.2471000000
16.2437900000
16.2404800000
16.2371700000
16.2338600000
16.2305500000
16.2272300000
16.2239100000
16.2205900000
16.2172700000
16.2139500000
16.2106300000
16.2073100000
16.2039900000
16.2006800000
16.1973600000
16.1940400000
16.1907200000
16.1874000000
16.1840800000
16.1807600000
16.1774300000
16.1741000000
16.1707800000
16.1674500000
16.1641200000
16.1608000000
16.1574700000
16.1541300000
16.1507900000
16.1474500000
16.1441000000
16.1407500000
16.1374000000
16.1340500000
16.1307000000
16.1273500000
16.1240000000
16.1206500000
16.1173000000
16.1139500000
16.1106000000
16.1072400000
16.1038800000
16.1005200000
16.0971700000
16.0938100000
16.0904500000
16.0871000000
16.0837400000
16.0803800000
16.0770300000
16.0736600000
16.0703000000
16.0669300000
16.0635700000
16.0601900000
16.0568100000
16.0534300000
16.0500500000
16.0466700000
16.0432900000
16.0399100000
16.0365200000
16.0331300000
16.0297500000
16.0263600000
16.0229700000
16.0195800000
16.0162000000
16.0128100000
16.0094200000
16.0060300000
16.0026500000
15.9992600000
15.9958700000
15.9924700000
15.9890800000
15.9856800000
15.9822900000
15.9788900000
15.9755000000
15.9721000000
15.9687100000
15.9652900000
15.9618800000
15.9584700000
15.9550500000
15.9516300000
15.9482100000
15.9447900000
15.9413800000
15.9379600000
15.9345400000
15.9311200000
15.9277000000
15.9242900000
15.9208600000
15.9174400000
15.9140100000
15.9105800000
15.9071600000
15.9037300000
15.9003100000
15.8968800000
15.8934600000
15.8900300000
15.8866100000
15.8831800000
15.8797500000
15.8763000000
15.8728500000
15.8694000000
15.8659500000
15.8625000000
15.8590600000
15.8556100000
15.8521600000
15.8487100000
15.8452600000
15.8418100000
15.8383500000
15.8348900000
15.8314400000
15.8279800000
15.8245200000
15.8210700000
15.8176100000
15.8141600000
15.8106900000
15.8072100000
15.8037300000
15.8002600000
15.7967800000
15.7933000000
15.7898200000
15.7863400000
15.7828600000
15.7793800000
15.7759000000
15.7724200000
15.7689400000
15.7654600000
15.7619700000
15.7584800000
15.7550000000
15.7515100000
15.7480200000
15.7445200000
15.7410200000
15.7375200000
15.7340200000
15.7305200000
15.7270100000
15.7235100000
15.7200000000
15.7164900000
15.7129800000
15.7094700000
15.7059600000
15.7024500000
15.6989500000
15.6954400000
15.6919300000
15.6884200000
15.6849100000
15.6813900000
15.6778700000
15.6743600000
15.6708400000
15.6673100000
15.6637700000
15.6602400000
15.6567100000
15.6531800000
15.6496400000
15.6461100000
15.6425800000
15.6390400000
15.6355000000
15.6319600000
15.6284200000
15.6248800000
15.6213400000
15.6178000000
15.6142600000
15.6107200000
15.6071800000
15.6036300000
15.6000700000
15.5965100000
15.5929400000
15.5893800000
15.5858200000
15.5822500000
15.5786900000
15.5751300000
15.5715600000
15.5679900000
15.5644200000
15.5608500000
15.5572800000
15.5537100000
15.5501400000
15.5465700000
15.5430000000
15.5394300000
15.5358400000
15.5322400000
15.5286500000
15.5250600000
15.5214600000
15.5178700000
15.5142800000
15.5106800000
15.5070900000
15.5034900000
15.4998900000
15.4962900000
15.4926800000
15.4890800000
15.4854800000
15.4818800000
15.4782800000
15.4746800000
15.4710800000
15.4674700000
15.4638600000
15.4602500000
15.4566400000
15.4530200000
15.4494000000
15.4457700000
15.4421500000
15.4385200000
15.4349000000
15.4312700000
15.4276400000
15.4240000000
15.4203700000
15.4167400000
15.4131100000
15.4094800000
15.4058500000
15.4022200000
15.3985800000
15.3949500000
15.3913200000
15.3876800000
15.3840400000
15.3804000000
15.3767600000
15.3731200000
15.3694800000
15.3658500000
15.3621900000
15.3585400000
15.3548800000
15.3512300000
15.3475700000
15.3439200000
15.3402600000
15.3365900000
15.3329300000
15.3292700000
15.3256100000
15.3219500000
15.3182800000
15.3146200000
15.3109600000
15.3073000000
15.3036400000
15.2999700000
15.2963000000
15.2926300000
15.2889600000
15.2852700000
15.2815900000
15.2779000000
15.2742200000
15.2705300000
15.2668500000
15.2631500000
15.2594600000
15.2557700000
15.2520800000
15.2483800000
15.2446900000
15.2410000000
15.2373100000
15.2336100000
15.2299200000
15.2262300000
15.2225300000
15.2188300000
15.2151100000
15.2114000000
15.2076800000
15.2039700000
15.2002500000
15.1965300000
15.1928200000
15.1891000000
15.1853700000
15.1816500000
15.1779300000
15.1742000000
15.1704800000
15.1667600000
15.1630300000
15.1593000000
15.1555700000
15.1518400000
15.1481100000
15.1443800000
15.1406300000
15.1368900000
15.1331400000
15.1294000000
15.1256400000
15.1218900000
15.1181300000
15.1143800000
15.1106300000
15.1068700000
15.1031200000
15.0993700000
15.0956000000
15.0918400000
15.0880800000
15.0843200000
15.0805600000
15.0768000000
15.0730400000
15.0692600000
15.0654800000
15.0616900000
15.0579100000
15.0541200000
15.0503400000
15.0465600000
15.0427700000
15.0389900000
15.0352000000
15.0314100000
15.0276200000
15.0238300000
15.0200400000
15.0162400000
15.0124500000
15.0086600000
15.0048700000
15.0010800000
14.9972800000
14.9934700000
14.9896600000
14.9858400000
14.9820300000
14.9782100000
14.9744000000
14.9705800000
14.9667700000
14.9629500000
14.9591400000
14.9553200000
14.9515000000
14.9476800000
14.9438600000
14.9400300000
14.9362100000
14.9323900000
14.9285700000
14.9247400000
14.9209200000
14.9171000000
14.9132800000
14.9094600000
14.9056300000
14.9017900000
14.8979400000
14.8941000000
14.8902500000
14.8864100000
14.8825600000
14.8787200000
14.8748700000
14.8710300000
14.8671700000
14.8633200000
14.8594700000
14.8556100000
14.8517600000
14.8479100000
14.8440600000
14.8401900000
14.8363200000
14.8324400000
14.8285700000
14.8246900000
14.8208200000
14.8169400000
14.8130700000
14.8091900000
14.8053100000
14.8014200000
14.7975400000
14.7936600000
14.7897600000
14.7858600000
14.7819600000
14.7780500000
14.7741500000
14.7702400000
14.7663400000
14.7624300000
14.7585200000
14.7546200000
14.7507100000
14.7468000000
14.7428800000
14.7389700000
14.7350400000
14.7311100000
14.7271800000
14.7232500000
14.7193200000
14.7153900000
14.7114500000
14.7075100000
14.7035800000
14.6996400000
14.6957000000
14.6917700000
14.6878300000
14.6838900000
14.6799600000
14.6760100000
14.6720700000
14.6681200000
14.6641800000
14.6602300000
14.6562700000
14.6523100000
14.6483500000
14.6443900000
14.6404200000
14.6364500000
14.6324900000
14.6285200000
14.6245500000
14.6205800000
14.6166200000
14.6126400000
14.6086700000
14.6046900000
14.6007200000
14.5967400000
14.5927700000
14.5887900000
14.5848200000
14.5808400000
14.5768400000
14.5728500000
14.5688500000
14.5648500000
14.5608500000
14.5568600000
14.5528600000
14.5488600000
14.5448500000
14.5408500000
14.5368400000
14.5328400000
14.5288300000
14.5248300000
14.5208200000
14.5168200000
14.5128100000
14.5088000000
14.5047800000
14.5007700000
14.4967600000
14.4927500000
14.4887200000
14.4846900000
14.4806600000
14.4766200000
14.4725900000
14.4685500000
14.4645200000
14.4604800000
14.4564400000
14.4524100000
14.4483700000
14.4443400000
14.4402900000
14.4362500000
14.4322100000
14.4281600000
14.4241200000
14.4200800000
14.4160200000
14.4119600000
14.4078900000
14.4038200000
14.3997600000
14.3956900000
14.3916300000
14.3875600000
14.3834900000
14.3794300000
14.3753500000
14.3712800000
14.3672000000
14.3631300000
14.3590600000
14.3549700000
14.3508800000
14.3467900000
14.3426900000
14.3385900000
14.3345000000
14.3304000000
14.3263000000
14.3222100000
14.3181100000
14.3140100000
14.3099100000
14.3058000000
14.3017000000
14.2975900000
14.2934700000
14.2893500000
14.2852300000
14.2811100000
14.2769900000
14.2728700000
14.2687400000
14.2646100000
14.2604800000
14.2563600000
14.2522300000
14.2481000000
14.2439700000
14.2398500000
14.2357100000
14.2315600000
14.2274100000
14.2232600000
14.2191100000
14.2149600000
14.2108100000
14.2066600000
14.2025000000
14.1983400000
14.1941800000
14.1900300000
14.1858700000
14.1817100000
14.1775500000
14.1733900000
14.1692100000
14.1650300000
14.1608500000
14.1566700000
14.1524900000
14.1483100000
14.1441300000
14.1399400000
14.1357500000
14.1315600000
14.1273700000
14.1231900000
14.1190000000
14.1148100000
14.1106100000
14.1064000000
14.1021900000
14.0979800000
14.0937700000
14.0895500000
14.0853400000
14.0811200000
14.0769100000
14.0726900000
14.0684700000
14.0642500000
14.0600300000
14.0558100000
14.0515900000
14.0473600000
14.0431400000
14.0389100000
14.0346700000
14.0304300000
14.0261900000
14.0219400000
14.0177000000
14.0134600000
14.0092100000
14.0049600000
14.0007100000
13.9964600000
13.9922100000
13.9879600000
13.9837100000
13.9794600000
13.9752100000
13.9709500000
13.9666900000
13.9624300000
13.9581800000
13.9539200000
13.9496600000
13.9453900000
13.9411200000
13.9368400000
13.9325600000
13.9282800000
13.9240000000
13.9197200000
13.9154400000
13.9111600000
13.9068800000
13.9025900000
13.8983000000
13.8940100000
13.8897100000
13.8854100000
13.8811000000
13.8768000000
13.8724900000
13.8681800000
13.8638700000
13.8595600000
13.8552500000
13.8509400000
13.8466300000
13.8423100000
13.8379800000
13.8336400000
13.8293100000
13.8249800000
13.8206400000
13.8163100000
13.8119700000
13.8076300000
13.8032800000
13.7989400000
13.7946000000
13.7902600000
13.7859200000
13.7815600000
13.7771900000
13.7728300000
13.7684600000
13.7641000000
13.7597400000
13.7553700000
13.7510000000
13.7466300000
13.7422600000
13.7378900000
13.7335100000
13.7291400000
13.7247600000
13.7203700000
13.7159700000
13.7115800000
13.7071800000
13.7027900000
13.6984000000
13.6939900000
13.6895900000
13.6851900000
13.6807900000
13.6763800000
13.6719800000
13.6675800000
13.6631700000
13.6587600000
13.6543500000
13.6499400000
13.6455200000
13.6410900000
13.6366700000
13.6322300000
13.6278000000
13.6233700000
13.6189400000
13.6145000000
13.6100700000
13.6056300000
13.6011900000
13.5967500000
13.5923100000
13.5878700000
13.5834100000
13.5789600000
13.5744900000
13.5700300000
13.5655700000
13.5611000000
13.5566400000
13.5521800000
13.5477200000
13.5432400000
13.5387700000
13.5343000000
13.5298300000
13.5253600000
13.5208900000
13.5164000000
13.5119200000
13.5074200000
13.5029300000
13.4984400000
13.4939400000
13.4894500000
13.4849600000
13.4804600000
13.4759700000
13.4714700000
13.4669700000
13.4624600000
13.4579600000
13.4534600000
13.4489600000
13.4444600000
13.4399400000
13.4354200000
13.4308900000
13.4263700000
13.4218500000
13.4173200000
13.4128000000
13.4082700000
13.4037400000
13.3992100000
13.3946800000
13.3901500000
13.3856100000
13.3810800000
13.3765500000
13.3720100000
13.3674600000
13.3629000000
13.3583500000
13.3537900000
13.3492400000
13.3446800000
13.3401200000
13.3355600000
13.3309900000
13.3264300000
13.3218700000
13.3173100000
13.3127500000
13.3081700000
13.3035800000
13.2990000000
13.2944100000
13.2898300000
13.2852400000
13.2806600000
13.2760600000
13.2714700000
13.2668800000
13.2622800000
13.2576900000
13.2530800000
13.2484700000
13.2438500000
13.2392400000
13.2346200000
13.2300000000
13.2253900000
13.2207700000
13.2161500000
13.2115300000
13.2069000000
13.2022800000
13.1976600000
13.1930200000
13.1883800000
13.1837300000
13.1790900000
13.1744400000
13.1697900000
13.1651500000
13.1605000000
13.1558500000
13.1512000000
13.1465500000
13.1418900000
13.1372400000
13.1325800000
13.1279300000
13.1232800000
13.1186200000
13.1139700000
13.1093100000
13.1046500000
13.0999800000
13.0953000000
13.0906200000
13.0859500000
13.0812700000
13.0765900000
13.0719200000
13.0672300000
13.0625500000
13.0578600000
13.0531800000
13.0484900000
13.0438100000
13.0391200000
13.0344300000
13.0297400000
13.0250300000
13.0203300000
13.0156200000
13.0109100000
13.0062000000
13.0014800000
12.9967700000
12.9920500000
12.9873400000
12.9826200000
12.9779100000
12.9731800000
12.9684500000
12.9637100000
12.9589700000
12.9542300000
12.9494900000
12.9447500000
12.9400000000
12.9352600000
12.9305100000
12.9257700000
12.9210200000
12.9162800000
12.9115300000
12.9067600000
12.9019900000
12.8972300000
12.8924600000
12.8876900000
12.8829200000
12.8781500000
12.8733800000
12.8686000000
12.8638200000
12.8590500000
12.8542700000
12.8495000000
12.8447200000
12.8399400000
12.8351400000
12.8303400000
12.8255400000
12.8207400000
12.8159400000
12.8111400000
12.8063400000
12.8015500000
12.7967400000
12.7919300000
12.7871300000
12.7823200000
12.7775100000
12.7727100000
12.7679000000
12.7630900000
12.7582900000
12.7534700000
12.7486600000
12.7438400000
12.7390300000
12.7342200000
12.7293900000
12.7245600000
12.7197300000
12.7149000000
12.7100600000
12.7052200000
12.7003900000
12.6955500000
12.6907100000
12.6858800000
12.6810400000
12.6762000000
12.6713600000
12.6665300000
12.6616900000
12.6568500000
12.6520000000
12.6471400000
12.6422800000
12.6374200000
12.6325600000
12.6277000000
12.6228400000
12.6179800000
12.6131100000
12.6082500000
12.6033800000
12.5985100000
12.5936400000
12.5887800000
12.5839100000
12.5790400000
12.5741700000
12.5693100000
12.5644400000
12.5595600000
12.5546900000
12.5498000000
12.5449100000
12.5400200000
12.5351300000
12.5302400000
12.5253500000
12.5204600000
12.5155600000
12.5106700000
12.5057700000
12.5008700000
12.4959700000
12.4910700000
12.4861800000
12.4812800000
12.4763800000
12.4714800000
12.4665800000
12.4616900000
12.4567900000
12.4518800000
12.4469800000
12.4420700000
12.4371700000
12.4322400000
12.4273200000
12.4224000000
12.4174800000
12.4125600000
12.4076400000
12.4027200000
12.3978000000
12.3928800000
12.3879500000
12.3830200000
12.3780900000
12.3731600000
12.3682300000
12.3633100000
12.3583800000
12.3534500000
12.3485200000
12.3435900000
12.3386600000
12.3337300000
12.3288000000
12.3238800000
12.3189500000
12.3140200000
12.3090900000
12.3041600000
12.2992300000
12.2943000000
12.2794900000
12.2745400000
12.2745400000
12.2745400000
12.2695900000
12.2646300000
12.2596800000
12.2547300000
12.2497800000
12.2448300000
12.2398800000
12.2349300000
12.2299700000
12.2250200000
12.2200700000
12.2151200000
12.2101700000
12.2052200000
12.2002600000
12.1953100000
12.1903600000
12.1854100000
12.1804600000
12.1755100000
12.1705600000
12.1656000000
12.1606500000
12.1557000000
12.1507500000
12.1458000000
12.1408500000
12.1359000000
12.1309400000
12.1259900000
12.1210400000
12.1160900000
12.1111400000
12.1061900000
12.1012400000
12.0962800000
12.0913300000
12.0863800000
12.0814300000
12.0764800000
12.0715300000
12.0665800000
12.0616200000
12.0566700000
12.0517200000
12.0467700000
12.0418200000
12.0368700000
12.0319100000
12.0269600000
12.0220100000
12.0170600000
12.0121200000
12.0071700000
12.0022400000
11.9973200000
11.9923900000
11.9874600000
11.9825300000
11.9776000000
11.9726700000
11.9677400000
11.9628200000
11.9578900000
11.9529600000
11.9480300000
11.9431000000
11.9381700000
11.9332400000
11.9283200000
11.9233900000
11.9184600000
11.9135400000
11.9086200000
11.9037000000
11.8987700000
11.8938500000
11.8889300000
11.8840100000
11.8790900000
11.8741800000
11.8692800000
11.8643700000
11.8594800000
11.8545800000
11.8496800000
11.8447800000
11.8398800000
11.8349800000
11.8300900000
11.8251900000
11.8203000000
11.8154100000
11.8105200000
11.8056300000
11.8007400000
11.7958500000
11.7909700000
11.7861000000
11.7812200000
11.7763500000
11.7714900000
11.7666200000
11.7617500000
11.7568800000
11.7520200000
11.7471500000
11.7422800000
11.7374200000
11.7325600000
11.7277000000
11.7228400000
11.7179800000
11.7131400000
11.7082900000
11.7034500000
11.6986200000
11.6937800000
11.6889400000
11.6841100000
11.6792700000
11.6744300000
11.6695900000
11.6647700000
11.6599400000
11.6551100000
11.6502800000
11.6454500000
11.6406300000
11.6358300000
11.6310200000
11.6262100000
11.6214100000
11.6166000000
11.6118000000
11.6070000000
11.6022000000
11.5974100000
11.5926100000
11.5878200000
11.5830400000
11.5782600000
11.5734900000
11.5687100000
11.5639400000
11.5591700000
11.5544100000
11.5496400000
11.5448800000
11.5401300000
11.5353900000
11.5306400000
11.5259000000
11.5211600000
11.5164200000
11.5116800000
11.5069500000
11.5022200000
11.4975100000
11.4927900000
11.4880800000
11.4833800000
11.4786700000
11.4739600000
11.4692500000
11.4645700000
11.4598900000
11.4552000000
11.4505200000
11.4458400000
11.4411600000
11.4364900000
11.4318200000
11.4271700000
11.4225200000
11.4178600000
11.4132100000
11.4085600000
11.4039200000
11.3992700000
11.3946400000
11.3900200000
11.3853900000
11.3807700000
11.3761500000
11.3715300000
11.3669100000
11.3623100000
11.3577100000
11.3531200000
11.3485300000
11.3439300000
11.3393400000
11.3347600000
11.3301900000
11.3256200000
11.3210500000
11.3164900000
11.3119300000
11.3073700000
11.3028100000
11.2982700000
11.2937300000
11.2891900000
11.2846600000
11.2801300000
11.2756000000
11.2710700000
11.2665600000
11.2620600000
11.2575500000
11.2530500000
11.2485400000
11.2440400000
11.2395500000
11.2350700000
11.2305900000
11.2261200000
11.2216500000
11.2171800000
11.2127200000
11.2082700000
11.2038200000
11.1993700000
11.1949300000
11.1904900000
11.1860500000
11.1816200000
11.1772000000
11.1727800000
11.1683700000
11.1639600000
11.1595500000
11.1551500000
11.1507700000
11.1463800000
11.1420000000
11.1376200000
11.1332400000
11.1288600000
11.1244900000
11.1201300000
11.1157800000
11.1114300000
11.1070800000
11.1027300000
11.0983900000
11.0940600000
11.0897400000
11.0854200000
11.0811000000
11.0767900000
11.0724800000
11.0681800000
11.0639000000
11.0596100000
11.0553200000
11.0510400000
11.0467600000
11.0425000000
11.0382400000
11.0339800000
11.0297300000
11.0254800000
11.0212400000
11.0170100000
11.0127800000
11.0085500000
11.0043300000
11.0001100000
10.9959000000
10.9917000000
10.9875000000
10.9833100000
10.9791200000
10.9749300000
10.9707400000
10.9665800000
10.9624100000
10.9582500000
10.9540900000
10.9499300000
10.9457700000
10.9416400000
10.9375000000
10.9333700000
10.9292400000
10.9251100000
10.9209800000
10.9168800000
10.9127700000
10.9086700000
10.9045700000
10.9004800000
10.8963800000
10.8923000000
10.8882300000
10.8841600000
10.8800900000
10.8760200000
10.8719600000
10.8679000000
10.8638500000
10.8598100000
10.8557700000
10.8517400000
10.8477000000
10.8436700000
10.8396600000
10.8356500000
10.8316400000
10.8276400000
10.8236300000
10.8196500000
10.8156700000
10.8116800000
10.8077100000
10.8037300000
10.7997600000
10.7958000000
10.7918500000
10.7879000000
10.7839400000
10.7800000000
10.7760600000
10.7721300000
10.7682000000
10.7642800000
10.7603600000
10.7564500000
10.7525300000
10.7486400000
10.7447400000
10.7408500000
10.7369600000
10.7330800000
10.7292000000
10.7253300000
10.7214700000
10.7176100000
10.7137500000
10.7098900000
10.7060600000
10.7022200000
10.6983900000
10.6945600000
10.6907300000
10.6869100000
10.6831000000
