22.5000000000
22.5000100000
22.4975400000
22.4922300000
22.4843600000
22.4750400000
22.4631200000
22.4493500000
22.4350100000
22.4185200000
22.4006400000
22.3824600000
22.3619700000
22.3406900000
22.3197100000
22.2965600000
22.2720500000
22.2484500000
22.2228700000
22.1965000000
22.1710500000
22.1436400000
22.1158600000
22.0890500000
22.0600300000
22.0306300000
22.0026000000
21.9725000000
21.9417700000
21.9123100000
21.8812100000
21.8495800000
21.8194200000
21.7875600000
21.7552100000
21.7243800000
21.6909100000
21.6575200000
21.6263900000
21.5930700000
21.5591400000
21.5267900000
21.4920500000
21.4571300000
21.4237600000
21.3879700000
21.3528100000
21.3197600000
21.2840900000
21.2483500000
21.2141700000
21.1778500000
21.1409600000
21.1061700000
21.0687000000
21.0311600000
20.9956900000
20.9575400000
20.9197900000
20.8837100000
20.8454800000
20.8078600000
20.7724600000
20.7344800000
20.6955700000
20.6589500000
20.6200400000
20.5811300000
20.5445100000
20.5053100000
20.4651100000
20.4272600000
20.3870600000
20.3468500000
20.3090100000
20.2687100000
20.2273300000
20.1882700000
20.1467600000
20.1052600000
20.0663100000
20.0249200000
19.9835600000
19.9438600000
19.9021500000
19.8599700000
19.8206500000
19.7782900000
19.7366500000
19.6975800000
19.6560800000
19.6133700000
19.5730800000
19.5302800000
19.4874800000
19.4472000000
19.4041300000
19.3602700000
19.3187800000
19.2746800000
19.2305900000
19.1890800000
19.1449800000
19.1008500000
19.0584600000
19.0130700000
18.9676700000
18.9249500000
18.8795500000
18.8341600000
18.7914300000
18.7459900000
18.6999300000
18.6560300000
18.6094800000
18.5627900000
18.5188500000
18.4721600000
18.4254600000
18.3815200000
18.3342200000
18.2869800000
18.2418100000
18.1938200000
18.1458300000
18.1006700000
18.0526800000
18.0046400000
17.9590100000
17.9102400000
17.8609600000
17.8145700000
17.7652900000
17.7160000000
17.6696100000
17.6203300000
17.5710400000
17.5237400000
17.4731600000
17.4225800000
17.3749700000
17.3243900000
17.2738000000
17.2262000000
17.1756100000
17.1250300000
17.0772700000
17.0262900000
16.9747400000
16.9259100000
16.8740300000
16.8221500000
16.7733300000
16.7214500000
16.6695700000
16.6207400000
16.5688600000
16.5160100000
16.4659600000
16.4128000000
16.3596200000
16.3095800000
16.2564000000
16.2032200000
16.1531700000
16.0995600000
16.0459100000
15.9946400000
15.9401700000
15.8856900000
15.8344200000
15.7799500000
15.7254800000
15.6742100000
15.6197300000
15.5650300000
15.5126100000
15.4568600000
15.4010900000
15.3486000000
15.2928300000
15.2367500000
15.1830400000
15.1259800000
15.0679500000
15.0136300000
14.9562700000
14.8975900000
14.8423000000
14.7826400000
14.7229800000
14.6668200000
14.6071600000
14.5475000000
14.4913500000
14.4316900000
14.3720300000
14.3158700000
14.2556600000
14.1960000000
14.1377900000
14.0755300000
14.0132800000
13.9546800000
13.8924200000
13.8301600000
13.7715700000
13.7093100000
13.6470500000
13.5884600000
13.5285400000
13.4677700000
13.4091800000
13.3493700000
13.2897100000
13.2335600000
13.1739000000
13.1142400000
13.0580900000
12.9984400000
12.9387800000
12.8826300000
12.8229700000
12.7633200000
12.7071700000
12.6475200000
12.5878600000
12.5317200000
12.4726400000
12.4165000000
12.3644700000
12.3099000000
12.2554500000
12.2042100000
12.1497700000
12.0953300000
12.0440900000
11.9897200000
11.9378800000
11.8891000000
11.8372600000
11.7873100000
11.7409700000
11.6917400000
11.6425100000
11.5965400000
11.5499100000
11.5032900000
11.4594300000
11.4128500000
11.3663600000
11.3257600000
11.2841700000
11.2423800000
11.2034900000
11.1621900000
11.1209000000
11.0821000000
11.0408900000
10.9997000000
10.9609400000
10.9216800000
10.8832600000
10.8476700000
10.8119300000
10.7762500000
10.7427600000
10.7072500000
10.6718600000
10.6386800000
10.6052900000
10.5709100000
10.5381900000
10.5058700000
10.4740200000
10.4442500000
10.4129600000
10.3818900000
10.3529700000
10.3226400000
10.2927000000
10.2649800000
10.2360700000
10.2076600000
10.1816800000
10.1547100000
10.1287200000
10.1050100000
10.0809200000
10.0568900000
10.0340700000
10.0116600000
9.9902840000
9.9719580000
9.9530900000
9.9349090000
9.9180710000
9.9026010000
9.8897900000
9.8785680000
9.8673450000
9.8590800000
9.8536920000
9.8493170000
9.8479830000
9.8496390000
9.8535920000
9.8609590000
9.8711190000
9.8850030000
9.9024730000
9.9227910000
9.9480170000
9.9771200000
10.0087400000
10.0486200000
10.0923200000
10.1372400000
10.1892600000
10.2459900000
10.3055600000
10.3745400000
10.4486300000
10.5231700000
10.6067200000
10.6927000000
10.7786700000
10.8758600000
10.9780200000
11.0798600000
11.1931000000
11.3128100000
11.4317700000
11.5625300000
11.6999100000
11.8384300000
11.9923800000
12.1544600000
12.3152500000
12.4951100000
12.6835200000
12.8702200000
13.0775700000
13.2930500000
13.5058800000
13.7390300000
13.9820100000
14.2176700000
14.4768300000
14.7451700000
15.0032000000
15.2847200000
15.5717800000
15.8481100000
16.1477900000
16.4517000000
16.7437700000
17.0579100000
17.3763700000
17.6812200000
18.0080600000
18.3366600000
18.6535400000
18.9917800000
19.3325800000
19.6571900000
20.0059100000
20.3574300000
20.6889200000
21.0443200000
21.4051300000
21.7450500000
