22.5000000000
22.4999900000
22.5000100000
22.4999800000
22.4999600000
22.4999300000
22.4999300000
22.4999300000
22.4999300000
22.4999300000
22.4999300000
22.4999300000
22.4999300000
22.4999300000
22.4998900000
22.4998900000
22.4998900000
22.4998900000
22.4998900000
22.4998900000
22.4998900000
22.4998900000
22.4998900000
22.4998900000
22.4998100000
22.4998100000
22.4996900000
22.4995300000
22.4993400000
22.4991000000
22.4988300000
22.4985200000
22.4981800000
22.4978300000
22.4974500000
22.4970900000
22.4967300000
22.4963900000
22.4960700000
22.4957700000
22.4955100000
22.4952500000
22.4950100000
22.4948000000
22.4945800000
22.4943900000
22.4942000000
22.4940300000
22.4938600000
22.4937100000
22.4935600000
22.4934300000
22.4933000000
22.4931900000
22.4930900000
22.4929800000
22.4929000000
22.4928100000
22.4927400000
22.4926800000
22.4926100000
22.4925400000
22.4924900000
22.4924300000
22.4923800000
22.4923200000
22.4922500000
22.4921700000
22.4921000000
22.4920100000
22.4919300000
22.4918200000
22.4917100000
22.4916000000
22.4914900000
22.4913500000
22.4912100000
22.4910700000
22.4909200000
22.4907700000
22.4906000000
22.4904300000
22.4902500000
22.4900700000
22.4898800000
22.4897000000
22.4895100000
22.4893000000
22.4890900000
22.4888800000
22.4886600000
22.4884400000
22.4882200000
22.4880000000
22.4877700000
22.4875400000
22.4873100000
22.4870800000
22.4868500000
22.4866300000
22.4864000000
22.4861600000
22.4859200000
22.4857000000
22.4854800000
22.4852600000
22.4850400000
22.4848200000
22.4846000000
22.4843800000
22.4841500000
22.4839300000
22.4837100000
22.4834900000
22.4832700000
22.4830500000
22.4828300000
22.4826000000
22.4823800000
22.4821600000
22.4819400000
22.4817100000
22.4814800000
22.4812500000
22.4810300000
22.4808000000
22.4805700000
22.4803400000
22.4801100000
22.4798700000
22.4796400000
22.4794000000
22.4791600000
22.4789300000
22.4786900000
22.4784500000
22.4782000000
22.4779600000
22.4777100000
22.4774700000
22.4772300000
22.4769800000
22.4767300000
22.4764800000
22.4762300000
22.4759800000
22.4757200000
22.4754700000
22.4752200000
22.4749600000
22.4747000000
22.4744400000
22.4741800000
22.4739200000
22.4736600000
22.4734000000
22.4731400000
22.4728700000
22.4726000000
22.4723400000
22.4720700000
22.4718000000
22.4715300000
22.4712700000
22.4709900000
22.4707200000
22.4704400000
22.4701700000
22.4698900000
22.4696200000
22.4693500000
22.4690600000
22.4687800000
22.4685000000
22.4682200000
22.4679300000
22.4676500000
22.4673700000
22.4670900000
22.4668000000
22.4665100000
22.4662200000
22.4659300000
22.4656400000
22.4653500000
22.4650700000
22.4647800000
22.4644900000
22.4641900000
22.4638900000
22.4635900000
22.4632900000
22.4630000000
22.4627000000
22.4624000000
22.4621000000
22.4618100000
22.4615000000
22.4612000000
22.4608900000
22.4605900000
22.4602800000
22.4599800000
22.4596700000
22.4593700000
22.4590500000
22.4587400000
22.4584300000
22.4581100000
22.4578000000
22.4574900000
22.4571800000
22.4568600000
22.4565500000
22.4562300000
22.4559100000
22.4555900000
22.4552700000
22.4549500000
22.4546300000
22.4543100000
22.4539900000
22.4536700000
22.4533400000
22.4530100000
22.4526800000
22.4523500000
22.4520300000
22.4517000000
22.4513700000
22.4510400000
22.4507100000
22.4503800000
22.4500400000
22.4497100000
22.4493700000
22.4490400000
22.4487000000
22.4483600000
22.4480300000
22.4476900000
22.4473500000
22.4470100000
22.4466600000
22.4463200000
22.4459800000
22.4456300000
22.4452900000
22.4449500000
22.4446000000
22.4442500000
22.4439000000
22.4435500000
22.4432000000
22.4428500000
22.4425000000
22.4421500000
22.4418000000
22.4414400000
22.4410900000
22.4407300000
22.4403800000
22.4400200000
22.4396600000
22.4393000000
22.4389400000
22.4385800000
22.4382200000
22.4378700000
22.4375100000
22.4371400000
22.4367800000
22.4364100000
22.4360400000
22.4356800000
22.4353100000
22.4349400000
22.4345800000
22.4342100000
22.4338500000
22.4334700000
22.4331000000
22.4327100000
22.4323200000
22.4319300000
22.4315400000
22.4311500000
22.4307600000
22.4303700000
22.4299900000
22.4295900000
22.4291900000
22.4287900000
22.4284000000
22.4280000000
22.4276000000
22.4272100000
22.4268100000
22.4264100000
22.4260200000
22.4256100000
22.4252100000
22.4248000000
22.4244000000
22.4240000000
22.4235900000
22.4231900000
22.4227800000
22.4223800000
22.4219700000
22.4215600000
22.4211500000
22.4207400000
22.4203300000
22.4199100000
22.4195000000
22.4190900000
22.4186800000
22.4182700000
22.4178500000
22.4174300000
22.4170200000
22.4166000000
22.4161800000
22.4157600000
22.4153400000
22.4149200000
22.4145000000
22.4140800000
22.4136600000
22.4132400000
22.4128100000
22.4123800000
22.4119600000
22.4115300000
22.4111000000
22.4106800000
22.4102500000
22.4098200000
22.4093900000
22.4089700000
22.4085400000
22.4081100000
22.4076800000
22.4072400000
22.4068100000
22.4063700000
22.4059400000
22.4055000000
22.4050700000
22.4046300000
22.4042000000
22.4037600000
22.4033300000
22.4028900000
22.4024400000
22.4020000000
22.4015600000
22.4011200000
22.4006700000
22.4002300000
22.3997900000
22.3993500000
22.3989000000
22.3984600000
22.3980100000
22.3975600000
22.3971100000
22.3966600000
22.3962100000
22.3957600000
22.3953100000
22.3948600000
22.3944100000
22.3939600000
22.3935100000
22.3930600000
22.3926100000
22.3921500000
22.3916900000
22.3912400000
22.3907800000
22.3903200000
22.3898600000
22.3894000000
22.3889500000
22.3884900000
22.3880400000
22.3875900000
22.3871400000
22.3866900000
22.3862400000
22.3857900000
22.3853400000
22.3849000000
22.3844500000
22.3840100000
22.3835800000
22.3831600000
22.3827100000
22.3822700000
22.3818300000
22.3813800000
22.3809300000
22.3804800000
22.3800200000
22.3795600000
22.3790900000
22.3786100000
22.3781200000
22.3776300000
22.3771200000
22.3766100000
22.3760900000
22.3755700000
22.3750500000
22.3745200000
22.3739900000
22.3734600000
22.3729200000
22.3723800000
22.3718300000
22.3712800000
22.3707300000
22.3701900000
22.3696600000
22.3691300000
22.3685900000
22.3680600000
22.3675200000
22.3669900000
22.3664600000
22.3659200000
22.3653900000
22.3648600000
22.3643300000
22.3638100000
22.3632800000
22.3627500000
22.3622300000
22.3617100000
22.3611900000
22.3606700000
22.3601500000
22.3596300000
22.3591200000
22.3586000000
22.3580800000
22.3575600000
22.3570400000
22.3565100000
22.3559900000
22.3554600000
22.3549300000
22.3544100000
22.3538700000
22.3533400000
22.3528100000
22.3522700000
22.3517400000
22.3512000000
22.3506500000
22.3501100000
22.3495700000
22.3490300000
22.3484800000
22.3479300000
22.3473800000
22.3468300000
22.3462800000
22.3457300000
22.3451700000
22.3446100000
22.3440600000
22.3435000000
22.3429400000
22.3423600000
22.3417800000
22.3412000000
22.3406200000
22.3400400000
22.3394600000
22.3388800000
22.3383000000
22.3377200000
22.3371400000
22.3365600000
22.3359800000
22.3354000000
22.3348200000
22.3342400000
22.3336700000
22.3331000000
22.3325400000
22.3319900000
22.3314300000
22.3308700000
22.3303200000
22.3297700000
22.3292200000
22.3286700000
22.3281300000
22.3275900000
22.3270600000
22.3265200000
22.3259900000
22.3254500000
22.3249200000
22.3243900000
22.3238500000
22.3233200000
22.3227800000
22.3222500000
22.3217200000
22.3211700000
22.3206300000
22.3200900000
22.3195500000
22.3189900000
22.3184400000
22.3178700000
22.3173100000
22.3167400000
22.3161800000
22.3156100000
22.3150300000
22.3144600000
22.3138900000
22.3133000000
22.3127100000
22.3121100000
22.3115200000
22.3109200000
22.3103300000
22.3097200000
22.3091200000
22.3085200000
22.3079100000
22.3073100000
22.3067100000
22.3061100000
22.3055000000
22.3048900000
22.3042800000
22.3036700000
22.3030600000
22.3024500000
22.3018400000
22.3012300000
22.3006200000
22.3000100000
22.2994000000
22.2987900000
22.2981800000
22.2975700000
22.2969600000
22.2963500000
22.2957400000
22.2951300000
22.2945200000
22.2939100000
22.2933000000
22.2926900000
22.2920800000
22.2914700000
22.2908600000
22.2902500000
22.2896300000
22.2890200000
22.2884100000
22.2877900000
22.2871700000
22.2865500000
22.2859300000
22.2853200000
22.2847000000
22.2840800000
22.2834600000
22.2828300000
22.2822000000
22.2815600000
22.2809300000
22.2802900000
22.2796500000
22.2790100000
22.2783700000
22.2777300000
22.2770800000
22.2764400000
22.2758000000
22.2751600000
22.2745200000
22.2738700000
22.2732200000
22.2725800000
22.2719300000
22.2712800000
22.2706300000
22.2699800000
22.2693300000
22.2686800000
22.2680400000
22.2673900000
22.2667400000
22.2660900000
22.2654400000
22.2647900000
22.2641400000
22.2635000000
22.2628500000
22.2622000000
22.2615400000
22.2608900000
22.2602300000
22.2595700000
22.2589200000
22.2582600000
22.2576100000
22.2569500000
22.2562900000
22.2556200000
22.2549500000
22.2542800000
22.2536100000
22.2529400000
22.2522700000
22.2515900000
22.2509100000
22.2502300000
22.2495500000
22.2488700000
22.2481900000
22.2475100000
22.2468300000
22.2461500000
22.2454800000
22.2448000000
22.2441200000
22.2434300000
22.2427400000
22.2420600000
22.2413700000
22.2406800000
22.2400000000
22.2393100000
22.2386200000
22.2379400000
22.2372500000
22.2365600000
22.2358800000
22.2351900000
22.2345000000
22.2338200000
22.2331300000
22.2324400000
22.2317500000
22.2310600000
22.2303600000
22.2296700000
22.2289700000
22.2282800000
22.2275800000
22.2268900000
22.2261900000
22.2254900000
22.2247800000
22.2240800000
22.2233800000
22.2226800000
22.2219800000
22.2212800000
22.2205700000
22.2198600000
22.2191500000
22.2184400000
22.2177300000
22.2170200000
22.2163100000
22.2156000000
22.2148900000
22.2141800000
22.2134700000
22.2127600000
22.2120500000
22.2113400000
22.2106300000
22.2099200000
22.2092100000
22.2085000000
22.2077900000
22.2070800000
22.2063800000
22.2056600000
22.2049400000
22.2042200000
22.2035100000
22.2027700000
22.2020400000
22.2013100000
22.2005800000
22.1998400000
22.1991100000
22.1983800000
22.1976500000
22.1969100000
22.1961700000
22.1954300000
22.1946900000
22.1939500000
22.1932100000
22.1924700000
22.1917300000
22.1909900000
22.1902500000
22.1895100000
22.1887600000
22.1880100000
22.1872600000
22.1865200000
22.1857700000
22.1850200000
22.1842700000
22.1835300000
22.1827800000
22.1820300000
22.1812800000
22.1805300000
22.1797900000
22.1790300000
22.1782800000
22.1775200000
22.1767700000
22.1760100000
22.1752500000
22.1745000000
22.1737400000
22.1729700000
22.1722000000
22.1714300000
22.1706600000
22.1698900000
22.1691200000
22.1683500000
22.1675800000
22.1668100000
22.1660300000
22.1652500000
22.1644700000
22.1637000000
22.1629200000
22.1621400000
22.1613600000
22.1605800000
22.1598100000
22.1590300000
22.1582500000
22.1574700000
22.1566900000
22.1559100000
22.1551400000
22.1543500000
22.1535600000
22.1527800000
22.1519900000
22.1512100000
22.1504200000
22.1496400000
22.1488500000
22.1480600000
22.1472800000
22.1464900000
22.1457100000
22.1449200000
22.1441300000
22.1433500000
22.1425600000
22.1417600000
22.1409700000
22.1401700000
22.1393800000
22.1385900000
22.1377900000
22.1370000000
22.1362100000
22.1354100000
22.1346200000
22.1338300000
22.1330300000
22.1322300000
22.1314200000
22.1306000000
22.1297800000
22.1289700000
22.1281500000
22.1273300000
22.1265200000
22.1257000000
22.1248900000
22.1240700000
22.1232500000
22.1224400000
22.1216200000
22.1208000000
22.1199700000
22.1191500000
22.1183200000
22.1175000000
22.1166800000
22.1158500000
22.1150300000
22.1142000000
22.1133800000
22.1125600000
22.1117300000
22.1109100000
22.1100800000
22.1092600000
22.1084400000
22.1076100000
22.1067900000
22.1059600000
22.1051400000
22.1043200000
22.1034900000
22.1026700000
22.1018400000
22.1010200000
22.1002000000
22.0993700000
22.0985500000
22.0977200000
22.0969000000
22.0960800000
22.0952500000
22.0944300000
22.0936100000
22.0927800000
22.0919600000
22.0911300000
22.0903100000
22.0894900000
22.0886600000
22.0878400000
22.0870100000
22.0861900000
22.0853600000
22.0845300000
22.0836900000
22.0828600000
22.0820300000
22.0812000000
22.0803700000
22.0795100000
22.0786600000
22.0778000000
22.0769500000
22.0760900000
22.0752300000
22.0743600000
22.0735000000
22.0726300000
22.0717600000
22.0708800000
22.0699900000
22.0691000000
22.0682100000
22.0664200000
22.0664200000
22.0655300000
22.0646400000
22.0637400000
22.0628400000
22.0619400000
22.0610400000
22.0601400000
22.0592400000
22.0583400000
22.0574400000
22.0565400000
22.0556500000
22.0547600000
22.0538600000
22.0529700000
22.0520800000
22.0511900000
22.0502900000
22.0494000000
22.0485100000
22.0476200000
22.0467200000
22.0458300000
22.0449400000
22.0440400000
22.0431500000
22.0422600000
22.0413700000
22.0404700000
22.0395800000
22.0386900000
22.0378000000
22.0369000000
22.0360100000
22.0351200000
22.0342300000
22.0333300000
22.0324200000
22.0315200000
22.0306200000
22.0297200000
22.0288200000
22.0279200000
22.0270100000
22.0261000000
22.0251900000
22.0242800000
22.0233800000
22.0224600000
22.0215500000
22.0206300000
22.0197100000
22.0188000000
22.0178800000
22.0169500000
22.0160200000
22.0150900000
22.0141600000
22.0132300000
22.0123000000
22.0113700000
22.0104400000
22.0095100000
22.0085800000
22.0076400000
22.0067100000
22.0057800000
22.0048500000
22.0039200000
22.0030100000
22.0021000000
22.0011900000
22.0002800000
21.9993700000
21.9984700000
21.9975600000
21.9966500000
21.9957400000
21.9948400000
21.9939400000
21.9930400000
21.9921400000
21.9912400000
21.9903400000
21.9894400000
21.9885400000
21.9876300000
21.9867200000
21.9858200000
21.9849100000
21.9840000000
21.9830900000
21.9821700000
21.9812400000
21.9803100000
21.9793700000
21.9784300000
21.9774900000
21.9765500000
21.9755900000
21.9746200000
21.9736600000
21.9726900000
21.9717200000
21.9707500000
21.9697700000
21.9688000000
21.9678200000
21.9668400000
21.9658700000
21.9648900000
21.9639000000
21.9629100000
21.9619100000
21.9609400000
21.9599600000
21.9589800000
21.9580100000
21.9570300000
21.9560500000
21.9550800000
21.9541100000
21.9531400000
21.9521700000
21.9512000000
21.9502300000
21.9492600000
21.9483000000
21.9473300000
21.9463600000
21.9453900000
21.9444200000
21.9434500000
21.9424800000
21.9415100000
21.9405400000
21.9395800000
21.9386100000
21.9376400000
21.9366700000
21.9356900000
21.9347200000
21.9337400000
21.9327600000
21.9317900000
21.9308000000
21.9298200000
21.9288300000
21.9278500000
21.9268600000
21.9258700000
21.9248800000
21.9238900000
21.9228800000
21.9218800000
21.9208700000
21.9198600000
21.9188500000
21.9178300000
21.9168200000
21.9158000000
21.9147900000
21.9137700000
21.9127600000
21.9117400000
21.9107300000
21.9097100000
21.9087000000
21.9076900000
21.9066800000
21.9056800000
21.9046700000
21.9036600000
21.9026700000
21.9016800000
21.9006900000
21.8997000000
21.8987000000
21.8977100000
21.8967200000
21.8957300000
21.8947400000
21.8937500000
21.8927500000
21.8917600000
21.8907700000
21.8897800000
21.8887800000
21.8877800000
21.8867800000
21.8857800000
21.8847800000
21.8837800000
21.8827700000
21.8817500000
21.8807400000
21.8797200000
21.8787100000
21.8776900000
21.8766600000
21.8756400000
21.8746200000
21.8736000000
21.8725700000
21.8715500000
21.8705300000
21.8695100000
21.8684800000
21.8674500000
21.8664200000
21.8653900000
21.8643600000
21.8633300000
21.8622800000
21.8612400000
21.8601900000
21.8591400000
21.8580900000
21.8570300000
21.8559800000
21.8549300000
21.8538700000
21.8528200000
21.8517700000
21.8507200000
21.8496600000
21.8486100000
21.8475600000
21.8465000000
21.8454500000
21.8444000000
21.8433500000
21.8422900000
21.8412300000
21.8401700000
21.8391100000
21.8380500000
21.8369900000
21.8359300000
21.8348700000
21.8338100000
21.8327500000
21.8316900000
21.8306300000
21.8295700000
21.8285100000
21.8274500000
21.8263900000
21.8253300000
21.8242600000
21.8232000000
21.8221400000
21.8210800000
21.8200200000
21.8189600000
21.8179000000
21.8168300000
21.8157700000
21.8147000000
21.8136300000
21.8125600000
21.8114900000
21.8104200000
21.8093600000
21.8082700000
21.8071900000
21.8061100000
21.8050200000
21.8039400000
21.8028600000
21.8017700000
21.8006900000
21.7996100000
21.7985200000
21.7974300000
21.7963400000
21.7952500000
21.7941600000
21.7930700000
21.7919800000
21.7908900000
21.7897900000
21.7887000000
21.7876100000
21.7865200000
21.7854300000
21.7843400000
21.7832500000
21.7821600000
21.7810700000
21.7799700000
21.7788700000
21.7777700000
21.7766700000
21.7755700000
21.7744800000
21.7733800000
21.7722800000
21.7711800000
21.7700800000
21.7689800000
21.7678800000
21.7667800000
21.7656900000
21.7645900000
21.7634800000
21.7623700000
21.7612700000
21.7601500000
21.7590300000
21.7579000000
21.7567800000
21.7556600000
21.7545400000
21.7534200000
21.7523000000
21.7511700000
21.7500500000
21.7489300000
21.7478100000
21.7466900000
21.7455700000
21.7444500000
21.7433200000
21.7421900000
21.7410600000
21.7399300000
21.7388000000
21.7376700000
21.7365400000
21.7354100000
21.7342800000
21.7331500000
21.7320300000
21.7309000000
21.7297700000
21.7286400000
21.7275100000
21.7263800000
21.7252500000
21.7241200000
21.7229900000
21.7218600000
21.7207200000
21.7195800000
21.7184400000
21.7173100000
21.7161700000
21.7150300000
21.7139000000
21.7127600000
21.7116100000
21.7104600000
21.7093000000
21.7081500000
21.7070000000
21.7058500000
21.7047000000
21.7035400000
21.7023900000
21.7012300000
21.7000700000
21.6989100000
21.6977500000
21.6965900000
21.6954300000
21.6942700000
21.6931200000
21.6919600000
21.6908000000
21.6896400000
21.6884800000
21.6873200000
21.6861600000
21.6850000000
21.6838400000
21.6826700000
21.6815000000
21.6803400000
21.6791700000
21.6780000000
21.6768300000
21.6756700000
21.6745000000
21.6733300000
21.6721600000
21.6710000000
21.6698300000
21.6686600000
21.6675000000
21.6663300000
21.6651600000
21.6639900000
21.6628300000
21.6616600000
21.6604900000
21.6593200000
21.6581600000
21.6569900000
21.6558200000
21.6546500000
21.6534700000
21.6523000000
21.6511200000
21.6499500000
21.6487700000
21.6476000000
21.6464200000
21.6452500000
21.6440700000
21.6429000000
21.6417200000
21.6405500000
21.6393700000
21.6382000000
21.6370200000
21.6358500000
21.6346700000
21.6335000000
21.6323200000
21.6311500000
21.6299700000
21.6287800000
21.6275900000
21.6263900000
21.6251900000
21.6239900000
21.6228000000
21.6216000000
21.6204000000
21.6191900000
21.6179900000
21.6167800000
21.6155800000
21.6143700000
21.6131700000
21.6119400000
21.6107100000
21.6094800000
21.6082500000
21.6070300000
21.6058000000
21.6045600000
21.6033200000
21.6020900000
21.6008500000
21.5996200000
21.5983800000
21.5971500000
21.5959100000
21.5946700000
21.5934400000
21.5922000000
21.5909700000
21.5897300000
21.5884900000
21.5872600000
21.5860200000
21.5847900000
21.5835500000
21.5823100000
21.5810800000
21.5798400000
21.5786100000
21.5773700000
21.5761300000
21.5749000000
21.5736600000
21.5724300000
21.5712100000
21.5699800000
21.5687500000
21.5675200000
21.5662900000
21.5650600000
21.5638400000
21.5626100000
21.5613800000
21.5601500000
21.5589100000
21.5576800000
21.5564400000
21.5552100000
21.5539700000
21.5527300000
21.5515000000
21.5502600000
21.5490300000
21.5477900000
21.5465500000
21.5453100000
21.5440700000
21.5428200000
21.5415800000
21.5403400000
21.5390900000
21.5378300000
21.5365700000
21.5353000000
21.5340300000
21.5327700000
21.5315000000
21.5302300000
21.5289500000
21.5276800000
21.5264100000
21.5251200000
21.5238300000
21.5225300000
21.5212300000
21.5199400000
21.5186400000
21.5173400000
21.5160400000
21.5147500000
21.5134500000
21.5121500000
21.5108600000
21.5095600000
21.5082600000
21.5069700000
21.5056700000
21.5043700000
21.5030900000
21.5018100000
21.5005300000
21.4992600000
21.4979900000
21.4967100000
21.4954400000
21.4941600000
21.4929000000
21.4916300000
21.4903600000
21.4891000000
21.4878300000
21.4865600000
21.4853000000
21.4840300000
21.4827700000
21.4815000000
21.4802300000
21.4789700000
21.4777000000
21.4764300000
21.4751700000
21.4738900000
21.4726200000
21.4713400000
21.4700700000
21.4687900000
21.4675100000
21.4662100000
21.4649000000
21.4636000000
21.4623000000
21.4609800000
21.4596700000
21.4583600000
21.4570400000
21.4557200000
21.4543800000
21.4530500000
21.4517100000
21.4503600000
21.4490200000
21.4476800000
21.4463300000
21.4449900000
21.4436500000
21.4423100000
21.4409600000
21.4396200000
21.4382800000
21.4369400000
21.4355900000
21.4342500000
21.4329100000
21.4315600000
21.4302300000
21.4288900000
21.4275600000
21.4262400000
21.4249200000
21.4236000000
21.4222900000
21.4209700000
21.4196600000
21.4183500000
21.4170400000
21.4157300000
21.4144100000
21.4131000000
21.4117900000
21.4104800000
21.4091600000
21.4078500000
21.4065400000
21.4052300000
21.4039200000
21.4026000000
21.4012900000
21.3999800000
21.3986700000
21.3973500000
21.3960300000
21.3947100000
21.3933900000
21.3920700000
21.3907500000
21.3894300000
21.3881100000
21.3867900000
21.3854600000
21.3841200000
21.3827700000
21.3814300000
21.3800900000
21.3787500000
21.3774000000
21.3760500000
21.3746900000
21.3733400000
21.3719900000
21.3706400000
21.3692900000
21.3679400000
21.3665800000
21.3652300000
21.3638700000
21.3625100000
21.3611500000
21.3597800000
21.3584100000
21.3570300000
21.3556600000
21.3542900000
21.3529100000
21.3515400000
21.3501700000
21.3487900000
21.3474200000
21.3460500000
21.3446700000
21.3433000000
21.3419300000
21.3405500000
21.3391800000
21.3378100000
21.3364300000
21.3350600000
21.3336900000
21.3323100000
21.3309300000
21.3295500000
21.3281700000
21.3267900000
21.3254100000
21.3240300000
21.3226500000
21.3212700000
21.3198900000
21.3185000000
21.3171200000
21.3157400000
21.3143600000
21.3129800000
21.3116000000
21.3102200000
21.3088400000
21.3074600000
21.3060800000
21.3047000000
21.3033100000
21.3019300000
21.3005500000
21.2991700000
21.2977800000
21.2963900000
21.2950100000
21.2936200000
21.2922300000
21.2908400000
21.2894500000
21.2880600000
21.2866700000
21.2852900000
21.2839000000
21.2824900000
21.2810900000
21.2796900000
21.2782800000
21.2768800000
21.2754700000
21.2740700000
21.2726700000
21.2712600000
21.2698600000
21.2684600000
21.2670500000
21.2656400000
21.2642300000
21.2628200000
21.2614100000
21.2599900000
21.2585800000
21.2571700000
21.2557600000
21.2543500000
21.2529400000
21.2515300000
21.2501100000
21.2487000000
21.2472900000
21.2458800000
21.2444600000
21.2430400000
21.2416200000
21.2401900000
21.2387500000
21.2373200000
21.2358900000
21.2344500000
21.2330200000
21.2315800000
21.2301500000
21.2287100000
21.2272800000
21.2258500000
21.2244100000
21.2229800000
21.2215400000
21.2201100000
21.2186700000
21.2172400000
21.2158100000
21.2143700000
21.2129400000
21.2115000000
21.2100700000
21.2086300000
21.2071900000
21.2057500000
21.2043100000
21.2028700000
21.2014200000
21.1999800000
21.1985400000
21.1971000000
21.1956600000
21.1942100000
21.1927700000
21.1913200000
21.1898700000
21.1884200000
21.1869700000
21.1855200000
21.1840700000
21.1826200000
21.1811800000
21.1797300000
21.1782800000
21.1768200000
21.1753600000
21.1739000000
21.1724500000
21.1709900000
21.1695300000
21.1680800000
21.1666200000
21.1651600000
21.1637000000
21.1622500000
21.1607900000
21.1593300000
21.1578800000
21.1564200000
21.1549600000
21.1535000000
21.1520500000
21.1505900000
21.1491300000
21.1476700000
21.1462200000
21.1447600000
21.1433000000
21.1418500000
21.1403900000
21.1389300000
21.1374700000
21.1360100000
21.1345400000
21.1330800000
21.1316100000
21.1301500000
21.1286800000
21.1272200000
21.1257600000
21.1242900000
21.1228300000
21.1213500000
21.1198700000
21.1183900000
21.1169100000
21.1154300000
21.1139500000
21.1124600000
21.1109700000
21.1094800000
21.1079900000
21.1065100000
21.1050200000
21.1035300000
21.1020400000
21.1005600000
21.0990700000
21.0975800000
21.0960800000
21.0945900000
21.0930900000
21.0916000000
21.0901000000
21.0886100000
21.0871100000
21.0856200000
21.0841100000
21.0826000000
21.0810900000
21.0795700000
21.0780600000
21.0765500000
21.0750400000
21.0735200000
21.0720100000
21.0704900000
21.0689700000
21.0674500000
21.0659300000
21.0644100000
21.0629000000
21.0613800000
21.0598600000
21.0583400000
21.0568200000
21.0553100000
21.0537900000
21.0522700000
21.0507500000
21.0492300000
21.0477100000
21.0462000000
21.0446800000
21.0431600000
21.0416400000
21.0401200000
21.0386000000
21.0370900000
21.0355700000
21.0340500000
21.0325300000
21.0310100000
21.0295000000
21.0279800000
21.0264600000
21.0249400000
21.0234200000
21.0219000000
21.0203900000
21.0188700000
21.0173500000
21.0158300000
21.0143100000
21.0127800000
21.0112500000
21.0097300000
21.0082000000
21.0066600000
21.0051200000
21.0035800000
21.0020400000
21.0004900000
20.9989400000
20.9973900000
20.9958400000
20.9942900000
20.9927400000
20.9912000000
20.9896500000
20.9880900000
20.9865300000
20.9849800000
20.9834200000
20.9818600000
20.9803100000
20.9787500000
20.9772000000
20.9756400000
20.9740800000
20.9725300000
20.9709700000
20.9694100000
20.9678600000
20.9663000000
20.9647400000
20.9631900000
20.9616300000
20.9600800000
20.9585200000
20.9569600000
20.9554100000
20.9538600000
20.9523100000
20.9507600000
20.9492100000
20.9476600000
20.9461100000
20.9445600000
20.9430200000
20.9414700000
20.9399200000
20.9383600000
20.9368100000
20.9352500000
20.9336900000
20.9321400000
20.9305600000
20.9289900000
20.9274100000
20.9258300000
20.9242600000
20.9226800000
20.9211000000
20.9195100000
20.9179200000
20.9163400000
20.9147500000
20.9131600000
20.9115700000
20.9099600000
20.9083500000
20.9067400000
20.9051300000
20.9035200000
20.9019000000
20.9002800000
20.8986700000
20.8970500000
20.8954300000
20.8938100000
20.8922000000
20.8905800000
20.8889600000
20.8873500000
20.8857400000
20.8841300000
20.8825200000
20.8809100000
20.8793000000
20.8777100000
20.8761100000
20.8745200000
20.8729200000
20.8713400000
20.8697500000
20.8681600000
20.8665800000
20.8649900000
20.8634000000
20.8618200000
20.8602300000
20.8586400000
20.8570600000
20.8554700000
20.8538800000
20.8522900000
20.8507000000
20.8491100000
20.8475100000
20.8459200000
20.8443200000
20.8427300000
20.8411300000
20.8395400000
20.8379400000
20.8363300000
20.8347200000
20.8331000000
20.8314800000
20.8298600000
20.8282500000
20.8266300000
20.8250000000
20.8233800000
20.8217500000
20.8201300000
20.8185000000
20.8168800000
20.8152500000
20.8136300000
20.8120000000
20.8103800000
20.8087500000
20.8071100000
20.8054800000
20.8038500000
20.8022000000
20.8005500000
20.7989000000
20.7972600000
20.7956100000
20.7939600000
20.7923300000
20.7907000000
20.7890600000
20.7874300000
20.7858000000
20.7841600000
20.7825300000
20.7809000000
20.7792700000
20.7776300000
20.7760000000
20.7743700000
20.7727400000
20.7711000000
20.7694700000
20.7678400000
20.7662000000
20.7645700000
20.7629400000
20.7613100000
20.7596700000
20.7580400000
20.7564100000
20.7547800000
20.7531400000
20.7515100000
20.7498800000
20.7482500000
20.7466100000
20.7449800000
20.7433500000
20.7417100000
20.7400700000
20.7384300000
20.7367900000
20.7351500000
20.7335100000
20.7318700000
20.7302300000
20.7285800000
20.7269200000
20.7252600000
20.7235900000
20.7219300000
20.7202700000
20.7186100000
20.7169400000
20.7152800000
20.7136200000
20.7119500000
20.7102900000
20.7086300000
20.7069600000
20.7052900000
20.7036200000
20.7019500000
20.7002800000
20.6986100000
20.6969400000
20.6952700000
20.6936000000
20.6919300000
20.6902500000
20.6885800000
20.6869000000
20.6852100000
20.6835300000
20.6818400000
20.6801500000
20.6784700000
20.6767800000
20.6750900000
20.6734000000
20.6717100000
20.6700100000
20.6683200000
20.6666300000
20.6649300000
20.6632400000
20.6615400000
20.6598500000
20.6581600000
20.6564600000
20.6547500000
20.6530500000
20.6513500000
20.6496500000
20.6479300000
20.6462200000
20.6445000000
20.6427800000
20.6410700000
20.6393500000
20.6376300000
20.6359200000
20.6342000000
20.6324800000
20.6307700000
20.6290500000
20.6273300000
20.6256200000
20.6239000000
20.6221800000
20.6204700000
20.6187700000
20.6170700000
20.6153600000
20.6136600000
20.6119600000
20.6102600000
20.6085600000
20.6068600000
20.6051600000
20.6034500000
20.6017500000
20.6000500000
20.5983500000
20.5966500000
20.5949500000
20.5932500000
20.5915500000
20.5898400000
20.5881300000
20.5864100000
20.5846900000
20.5829600000
20.5812400000
20.5795100000
20.5777900000
20.5760700000
20.5743300000
20.5726000000
20.5708700000
20.5691400000
20.5674100000
20.5656700000
20.5639400000
20.5622100000
20.5604700000
20.5587300000
20.5569900000
20.5552500000
20.5535100000
20.5517700000
20.5500300000
20.5482900000
20.5465500000
20.5448000000
20.5430500000
20.5412900000
20.5395400000
20.5377800000
20.5360300000
20.5342700000
20.5325200000
20.5307600000
20.5290100000
20.5272700000
20.5255300000
20.5237900000
20.5220500000
20.5203100000
20.5185700000
20.5168300000
20.5150900000
20.5133500000
20.5116100000
20.5098700000
20.5081300000
20.5063900000
20.5046500000
20.5029100000
20.5011700000
20.4994400000
20.4977000000
20.4959500000
20.4942000000
20.4924400000
20.4906800000
20.4889100000
20.4871500000
20.4853900000
20.4836300000
20.4818600000
20.4801000000
20.4783400000
20.4765800000
20.4748100000
20.4730400000
20.4712700000
20.4695000000
20.4677300000
20.4659600000
20.4641900000
20.4624200000
20.4606500000
20.4588800000
20.4571000000
20.4553200000
20.4535400000
20.4517500000
20.4499600000
20.4481700000
20.4463700000
20.4445800000
20.4427900000
20.4409900000
20.4392000000
20.4374100000
20.4356200000
20.4338200000
20.4320300000
20.4302400000
20.4284400000
20.4266400000
20.4248400000
20.4230300000
20.4212300000
20.4194300000
20.4176300000
20.4158300000
20.4140300000
20.4122300000
20.4104300000
20.4086300000
20.4068300000
20.4050300000
20.4032300000
20.4014300000
20.3996300000
20.3978300000
20.3960300000
20.3942300000
20.3924300000
20.3906300000
20.3888200000
20.3870200000
20.3852200000
20.3834200000
20.3816200000
20.3798200000
20.3780200000
20.3762100000
20.3744000000
20.3726000000
20.3707900000
20.3689800000
20.3671700000
20.3653500000
20.3635300000
20.3617000000
20.3598800000
20.3580600000
20.3562300000
20.3544100000
20.3525800000
20.3507500000
20.3489200000
20.3470900000
20.3452600000
20.3434300000
20.3416000000
20.3397700000
20.3379400000
20.3361100000
20.3342700000
20.3324400000
20.3306100000
20.3287800000
20.3269500000
20.3251200000
20.3232900000
20.3214600000
20.3196300000
20.3177900000
20.3159600000
20.3141300000
20.3123000000
20.3104700000
20.3086400000
20.3068100000
20.3049800000
20.3031500000
20.3013100000
20.2994700000
20.2976300000
20.2957900000
20.2939500000
20.2921100000
20.2902800000
20.2884400000
20.2866000000
20.2847600000
20.2829200000
20.2810800000
20.2792400000
20.2773900000
20.2755400000
20.2736800000
20.2718300000
20.2699700000
20.2681200000
20.2662700000
20.2644100000
20.2625600000
20.2607000000
20.2588300000
20.2569700000
20.2551100000
20.2532500000
20.2513900000
20.2495300000
20.2476700000
20.2458000000
20.2439400000
20.2420800000
20.2402000000
20.2383100000
20.2364300000
20.2345400000
20.2326600000
20.2307700000
20.2288900000
20.2270100000
20.2251200000
20.2232400000
20.2213500000
20.2194700000
20.2175800000
20.2157000000
20.2138100000
20.2119300000
20.2100400000
20.2081600000
20.2062800000
20.2043900000
20.2025100000
20.2006200000
20.1987400000
20.1968500000
20.1949700000
20.1930800000
20.1912000000
20.1893200000
20.1874300000
20.1855500000
20.1836600000
20.1817800000
20.1798900000
20.1779900000
20.1761000000
20.1742100000
20.1723200000
20.1704300000
20.1685300000
20.1666400000
20.1647500000
20.1628300000
20.1609200000
20.1590000000
20.1570900000
20.1551700000
20.1532600000
20.1513400000
20.1494100000
20.1474900000
20.1455700000
20.1436500000
20.1417200000
20.1398000000
20.1378800000
20.1359500000
20.1340200000
20.1320900000
20.1301600000
20.1282300000
20.1263000000
20.1243700000
20.1224400000
20.1205100000
20.1185800000
20.1166500000
20.1147200000
20.1127900000
20.1108600000
20.1089200000
20.1069900000
20.1050600000
20.1031300000
20.1012000000
20.0992700000
20.0973400000
20.0954100000
20.0934800000
20.0915500000
20.0896200000
20.0876900000
20.0857600000
20.0838300000
20.0819000000
20.0799700000
20.0780400000
20.0761100000
20.0741800000
20.0722500000
20.0703200000
20.0683900000
20.0664600000
20.0645300000
20.0626000000
20.0606700000
20.0587400000
20.0568100000
20.0548800000
20.0529500000
20.0510200000
20.0490800000
20.0471400000
20.0452000000
20.0432700000
20.0413300000
20.0393900000
20.0374500000
20.0355100000
20.0335800000
20.0316400000
20.0296900000
20.0277300000
20.0257800000
20.0238300000
20.0218700000
20.0199100000
20.0179500000
20.0159900000
20.0140300000
20.0120700000
20.0101100000
20.0081500000
20.0061900000
20.0042300000
20.0022700000
20.0003100000
19.9983400000
19.9963800000
19.9944200000
19.9924600000
19.9905000000
19.9885400000
19.9865800000
19.9846200000
19.9826600000
19.9807000000
19.9787400000
19.9767800000
19.9748200000
19.9728500000
19.9708900000
19.9689300000
19.9669700000
19.9650100000
19.9630500000
19.9610900000
19.9591200000
19.9571500000
19.9551800000
19.9532200000
19.9512500000
19.9492800000
19.9473100000
19.9453400000
19.9433600000
19.9413800000
19.9393900000
19.9374100000
19.9354200000
19.9334400000
19.9314600000
19.9294700000
19.9274700000
19.9254800000
19.9234900000
19.9215000000
19.9195100000
19.9175200000
19.9155300000
19.9135300000
19.9115300000
19.9095200000
19.9075000000
19.9054900000
19.9034700000
19.9014600000
19.8994400000
19.8974300000
19.8954100000
19.8933900000
19.8913700000
19.8893400000
19.8873200000
19.8853000000
19.8832800000
19.8812600000
19.8792300000
19.8772100000
19.8751900000
19.8731700000
19.8711500000
19.8691300000
19.8671000000
19.8650800000
19.8630600000
19.8610400000
19.8590200000
19.8569900000
19.8549700000
19.8529500000
19.8509300000
19.8489100000
19.8468900000
19.8448600000
19.8428400000
19.8408200000
19.8388000000
19.8367800000
19.8347500000
19.8327300000
19.8307100000
19.8286900000
19.8266700000
19.8246400000
19.8226100000
19.8205800000
19.8185500000
19.8165200000
19.8144900000
19.8124600000
19.8104200000
19.8083700000
19.8063300000
19.8042800000
19.8022200000
19.8001700000
19.7981200000
19.7960700000
19.7940100000
19.7919600000
19.7899100000
19.7878600000
19.7858000000
19.7837500000
19.7816900000
19.7796300000
19.7775700000
19.7755100000
19.7734500000
19.7713900000
19.7693300000
19.7672700000
19.7652100000
19.7631500000
19.7610900000
19.7590300000
19.7569700000
19.7549100000
19.7528500000
19.7507900000
19.7487300000
19.7466800000
19.7446300000
19.7425800000
19.7405200000
19.7384600000
19.7364000000
19.7343400000
19.7322800000
19.7302200000
19.7281600000
19.7261000000
19.7240400000
19.7219800000
19.7199200000
19.7178600000
19.7158100000
19.7137500000
19.7116900000
19.7096300000
19.7075700000
19.7055100000
19.7034500000
19.7013900000
19.6993200000
19.6972400000
19.6951500000
19.6930700000
19.6909900000
19.6889000000
19.6868200000
19.6847400000
19.6826600000
19.6805700000
19.6784800000
19.6763900000
19.6743000000
19.6722100000
19.6701200000
19.6680300000
19.6659400000
19.6638500000
19.6617600000
19.6596700000
19.6575800000
19.6554900000
19.6534000000
19.6513100000
19.6492200000
19.6471300000
19.6450300000
19.6429200000
19.6408100000
19.6386900000
19.6365800000
19.6344700000
19.6323500000
19.6302400000
19.6281300000
19.6260100000
19.6239000000
19.6217900000
19.6196700000
19.6175600000
19.6154500000
19.6133300000
19.6112200000
19.6091100000
19.6069900000
19.6048800000
19.6027700000
19.6006500000
19.5985400000
19.5964300000
19.5943100000
19.5922000000
19.5900800000
19.5879600000
19.5858400000
19.5837200000
19.5816000000
19.5794800000
19.5773500000
19.5752300000
19.5731100000
19.5709900000
19.5688700000
19.5667500000
19.5646300000
19.5625100000
19.5603900000
19.5582700000
19.5561400000
19.5540200000
19.5519000000
19.5497800000
19.5476600000
19.5455400000
19.5434100000
19.5412800000
19.5391500000
19.5370300000
19.5349000000
19.5327500000
19.5306100000
19.5284700000
19.5263200000
19.5241800000
19.5220300000
19.5198900000
19.5177500000
19.5156000000
19.5134600000
19.5113100000
19.5091600000
19.5070100000
19.5048600000
19.5027100000
19.5005600000
19.4984100000
19.4962500000
19.4941000000
19.4919500000
19.4898000000
19.4876500000
19.4855000000
19.4833400000
19.4811800000
19.4790200000
19.4768400000
19.4746700000
19.4725000000
19.4703200000
19.4681500000
19.4659700000
19.4638000000
19.4616200000
19.4594500000
19.4572800000
19.4551000000
19.4529300000
19.4507500000
19.4485800000
19.4464000000
19.4442300000
19.4420500000
19.4398800000
19.4377100000
19.4355300000
19.4333600000
19.4311800000
19.4290000000
19.4268200000
19.4246400000
19.4224500000
19.4202700000
19.4180900000
19.4159100000
19.4137300000
19.4115400000
19.4093600000
19.4071800000
19.4050000000
19.4028200000
19.4006300000
19.3984500000
19.3962700000
19.3940900000
19.3919100000
19.3897200000
19.3875400000
19.3853600000
19.3831800000
19.3810000000
19.3788100000
19.3766200000
19.3744300000
19.3722400000
19.3700500000
19.3678600000
19.3656700000
19.3634800000
19.3612900000
19.3591000000
19.3569100000
19.3547200000
19.3525300000
19.3503300000
19.3481200000
19.3459100000
19.3437000000
19.3414800000
19.3392700000
19.3370600000
19.3348500000
19.3326300000
19.3304200000
19.3282100000
19.3260000000
19.3237800000
19.3215700000
19.3193600000
19.3171500000
19.3149300000
19.3127100000
19.3104900000
19.3082700000
19.3060500000
19.3038300000
19.3016100000
19.2993900000
19.2971700000
19.2949500000
19.2927300000
19.2905100000
19.2882800000
19.2860400000
19.2838100000
19.2815700000
19.2793400000
19.2771000000
19.2748600000
19.2726100000
19.2703700000
19.2681300000
19.2658800000
19.2636400000
19.2614000000
19.2591600000
19.2569100000
19.2546700000
19.2524300000
19.2501800000
19.2479400000
19.2456900000
19.2434400000
19.2411900000
19.2389400000
19.2366900000
19.2344400000
19.2321900000
19.2299300000
19.2276800000
19.2254300000
19.2231800000
19.2209300000
19.2186600000
19.2163800000
19.2141100000
19.2118400000
19.2095600000
19.2072900000
19.2050200000
19.2027400000
19.2004700000
19.1982000000
19.1959200000
19.1936500000
19.1913800000
19.1891000000
19.1868300000
19.1845600000
19.1822800000
19.1800100000
19.1777300000
19.1754600000
19.1731900000
19.1709100000
19.1686300000
19.1663500000
19.1640700000
19.1617900000
19.1595100000
19.1572300000
19.1549500000
19.1526600000
19.1503800000
19.1481000000
19.1458200000
19.1435400000
19.1412600000
19.1389800000
19.1367000000
19.1344100000
19.1321300000
19.1298500000
19.1275700000
19.1252900000
19.1230100000
19.1207300000
19.1184500000
19.1161700000
19.1138800000
19.1116000000
19.1093200000
19.1070400000
19.1047600000
19.1024800000
19.1002000000
19.0979200000
19.0956300000
19.0933500000
19.0910700000
19.0887900000
19.0865000000
19.0842100000
19.0819200000
19.0796400000
19.0773500000
19.0750600000
19.0727700000
19.0704800000
19.0681900000
19.0659000000
19.0636100000
19.0613300000
19.0590400000
19.0567300000
19.0544300000
19.0521200000
19.0498100000
19.0475000000
19.0451900000
19.0428800000
19.0405700000
19.0382500000
19.0359400000
19.0336300000
19.0313200000
19.0290100000
19.0266900000
19.0243700000
19.0220500000
19.0197300000
19.0174100000
19.0150800000
19.0127400000
19.0104100000
19.0080700000
19.0057300000
19.0033900000
19.0010500000
18.9987000000
18.9963600000
18.9940200000
18.9916800000
18.9893300000
18.9869900000
18.9846500000
18.9823100000
18.9799700000
18.9776200000
18.9752800000
18.9729400000
18.9706000000
18.9682500000
18.9659100000
18.9635700000
18.9612300000
18.9588800000
18.9565300000
18.9541800000
18.9518300000
18.9494800000
18.9471300000
18.9447800000
18.9424100000
18.9400500000
18.9376800000
18.9353200000
18.9329500000
18.9305900000
18.9282200000
18.9258600000
18.9234900000
18.9211300000
18.9187600000
18.9164000000
18.9140300000
18.9116600000
18.9092900000
18.9069100000
18.9045400000
18.9021700000
18.8998000000
18.8974200000
18.8950500000
18.8926800000
18.8903000000
18.8879300000
18.8855600000
18.8831900000
18.8808100000
18.8784300000
18.8760500000
18.8736700000
18.8712900000
18.8689100000
18.8665300000
18.8641500000
18.8617700000
18.8593900000
18.8570100000
18.8546300000
18.8522500000
18.8498700000
18.8474900000
18.8451100000
18.8427300000
18.8403500000
18.8379700000
18.8355900000
18.8332100000
18.8308300000
18.8284500000
18.8260700000
18.8236800000
18.8213000000
18.8189200000
18.8165400000
18.8141600000
18.8117700000
18.8093800000
18.8069900000
18.8046000000
18.8022200000
18.7998300000
18.7974400000
18.7950500000
18.7926600000
18.7902600000
18.7878600000
18.7854500000
18.7830400000
18.7806300000
18.7782200000
18.7758100000
18.7734000000
18.7709900000
18.7685800000
18.7661700000
18.7637600000
18.7613400000
18.7589300000
18.7565200000
18.7541100000
18.7517000000
18.7492800000
18.7468600000
18.7444500000
18.7420300000
18.7396100000
18.7371900000
18.7347700000
18.7323500000
18.7299300000
18.7275200000
18.7251000000
18.7226800000
18.7202600000
18.7178400000
18.7154200000
18.7130100000
18.7105900000
18.7081700000
18.7057500000
18.7033300000
18.7009100000
18.6984800000
18.6960400000
18.6936000000
18.6911600000
18.6887200000
18.6862800000
18.6838400000
18.6814000000
18.6789600000
18.6765100000
18.6740700000
18.6716300000
18.6691900000
18.6667500000
18.6643100000
18.6618700000
18.6594200000
18.6569800000
18.6545300000
18.6520800000
18.6496400000
18.6471900000
18.6447400000
18.6422900000
18.6398400000
18.6373900000
18.6349400000
18.6324900000
18.6300300000
18.6275600000
18.6251000000
18.6226300000
18.6201700000
18.6177000000
18.6152300000
18.6127500000
18.6102800000
18.6078100000
18.6053400000
18.6028700000
18.6004000000
18.5979200000
18.5954500000
18.5929800000
18.5905100000
18.5880400000
18.5855600000
18.5830800000
18.5806000000
18.5781300000
18.5756500000
18.5731700000
18.5706900000
18.5682100000
18.5657300000
18.5632500000
18.5607700000
18.5582900000
18.5558100000
18.5533300000
18.5508500000
18.5483700000
18.5458900000
18.5434100000
18.5409300000
18.5384500000
18.5359600000
18.5334600000
18.5309700000
18.5284700000
18.5259700000
18.5234700000
18.5209700000
18.5184600000
18.5159600000
18.5134600000
18.5109600000
18.5084500000
18.5059500000
18.5034500000
18.5009500000
18.4984400000
18.4959400000
18.4934400000
18.4909400000
18.4884300000
18.4859200000
18.4834100000
18.4809000000
18.4783900000
18.4758800000
18.4733700000
18.4708600000
18.4683500000
18.4658400000
18.4633300000
18.4608100000
18.4582900000
18.4557700000
18.4532500000
18.4507400000
18.4482200000
18.4456900000
18.4431500000
18.4406200000
18.4380900000
18.4355500000
18.4330200000
18.4304900000
18.4279600000
18.4254200000
18.4228800000
18.4203400000
18.4178000000
18.4152600000
18.4127200000
18.4101800000
18.4076400000
18.4051000000
18.4025600000
18.4000200000
18.3974800000
18.3949400000
18.3924000000
18.3898500000
18.3873100000
18.3847700000
18.3822300000
18.3796900000
18.3771500000
18.3746100000
18.3720700000
18.3695300000
18.3669900000
18.3644500000
18.3619100000
18.3593700000
18.3568300000
18.3542900000
18.3517500000
18.3492100000
18.3466600000
18.3441200000
18.3415800000
18.3390400000
18.3364900000
18.3339400000
18.3313900000
18.3288400000
18.3262900000
18.3237500000
18.3211800000
18.3186200000
18.3160600000
18.3134900000
18.3109300000
18.3083600000
18.3058000000
18.3032300000
18.3006600000
18.2980900000
18.2955200000
18.2929500000
18.2903700000
18.2878000000
18.2852300000
18.2826600000
18.2800900000
18.2775200000
18.2749500000
18.2723800000
18.2698000000
18.2672000000
18.2646100000
18.2620200000
18.2594200000
18.2568300000
18.2542300000
18.2516400000
18.2490500000
18.2464500000
18.2438600000
18.2412600000
18.2386700000
18.2360800000
18.2334800000
18.2308800000
18.2282800000
18.2256800000
18.2230800000
18.2204700000
18.2178700000
18.2152700000
18.2126700000
18.2100700000
18.2074700000
18.2048500000
18.2022300000
18.1996200000
18.1970000000
18.1943800000
18.1917600000
18.1891300000
18.1865100000
18.1838800000
18.1812600000
18.1786300000
18.1760100000
18.1733900000
18.1707600000
18.1681400000
18.1655100000
18.1628900000
18.1602600000
18.1576400000
18.1550100000
18.1523900000
18.1497700000
18.1471300000
18.1445000000
18.1418700000
18.1392400000
18.1366000000
18.1339700000
18.1313400000
18.1287100000
18.1260800000
18.1234400000
18.1208100000
18.1181800000
18.1155500000
18.1129000000
18.1102500000
18.1076000000
18.1049400000
18.1022900000
18.0996300000
18.0969800000
18.0943200000
18.0916700000
18.0890100000
18.0863600000
18.0837000000
18.0810500000
18.0783900000
18.0757400000
18.0730800000
18.0704300000
18.0677700000
18.0651200000
18.0624600000
18.0598100000
18.0571500000
18.0545000000
18.0518400000
18.0491900000
18.0465300000
18.0438700000
18.0412100000
18.0385400000
18.0358800000
18.0332200000
18.0305600000
18.0278900000
18.0252300000
18.0225700000
18.0199100000
18.0172400000
18.0145800000
18.0119200000
18.0092500000
18.0065900000
18.0039300000
18.0012700000
17.9986000000
17.9959400000
17.9932800000
17.9906200000
17.9879500000
17.9852900000
17.9826200000
17.9799500000
17.9772800000
17.9746100000
17.9719200000
17.9692400000
17.9665500000
17.9638700000
17.9611800000
17.9585000000
17.9558100000
17.9531200000
17.9504200000
17.9477300000
17.9450400000
17.9423400000
17.9396500000
17.9369600000
17.9342700000
17.9315700000
17.9288700000
17.9261700000
17.9234700000
17.9207700000
17.9180500000
17.9153400000
17.9126200000
17.9099000000
17.9071900000
17.9044700000
17.9017500000
17.8990200000
17.8963000000
17.8935800000
17.8908500000
17.8881300000
17.8854100000
17.8826800000
17.8799600000
17.8772400000
17.8745100000
17.8717900000
17.8690600000
17.8663400000
17.8636200000
17.8608900000
17.8581700000
17.8554500000
17.8527200000
17.8499900000
17.8472600000
17.8445300000
17.8418000000
17.8390700000
17.8363300000
17.8336000000
17.8308700000
17.8281400000
17.8254100000
17.8226800000
17.8199500000
17.8172100000
17.8144800000
17.8117200000
17.8089700000
17.8062100000
17.8034600000
17.8007000000
17.7979500000
17.7952000000
17.7924400000
17.7896900000
17.7869300000
17.7841800000
17.7814300000
17.7786600000
17.7759000000
17.7731400000
17.7703800000
17.7676200000
17.7648500000
17.7620900000
17.7593300000
17.7565700000
17.7538100000
17.7510500000
17.7482800000
17.7455200000
17.7427600000
17.7400000000
17.7372400000
17.7344700000
17.7317100000
17.7289500000
17.7261900000
17.7234300000
17.7206600000
17.7178900000
17.7151200000
17.7123500000
17.7095800000
17.7068100000
17.7040400000
17.7012700000
17.6985000000
17.6957300000
17.6929600000
17.6901800000
17.6873900000
17.6846100000
17.6818200000
17.6790400000
17.6762500000
17.6734700000
17.6706800000
17.6678800000
17.6650900000
17.6623000000
17.6595100000
17.6567200000
17.6539200000
17.6511300000
17.6483400000
17.6455500000
17.6427500000
17.6399600000
17.6371600000
17.6343600000
17.6315600000
17.6287600000
17.6259600000
17.6231500000
17.6203300000
17.6175200000
17.6147000000
17.6118900000
17.6090700000
17.6062500000
17.6034400000
17.6006200000
17.5978000000
17.5949800000
17.5921600000
17.5893300000
17.5865100000
17.5836900000
17.5808600000
17.5780400000
17.5752200000
17.5724000000
17.5695700000
17.5667500000
17.5639300000
17.5611000000
17.5582800000
17.5554500000
17.5526000000
17.5497600000
17.5469100000
17.5440700000
17.5412200000
17.5383800000
17.5355300000
17.5326800000
17.5298400000
17.5269900000
17.5241500000
17.5212900000
17.5184400000
17.5155900000
17.5127300000
17.5098800000
17.5070300000
17.5041700000
17.5013200000
17.4984700000
17.4956100000
17.4927600000
17.4899100000
17.4870500000
17.4842000000
17.4813400000
17.4784800000
17.4756200000
17.4727400000
17.4698600000
17.4669900000
17.4641100000
17.4612400000
17.4583600000
17.4554800000
17.4526100000
17.4497300000
17.4468500000
17.4439800000
17.4411000000
17.4382200000
17.4353500000
17.4324700000
17.4296000000
17.4267200000
17.4238400000
17.4209600000
17.4180800000
17.4151900000
17.4123100000
17.4094200000
17.4065400000
17.4036600000
17.4007700000
17.3978900000
17.3950000000
17.3921200000
17.3892400000
17.3863400000
17.3834500000
17.3805600000
17.3776700000
17.3747800000
17.3718900000
17.3689800000
17.3660700000
17.3631700000
17.3602600000
17.3573500000
17.3544500000
17.3515300000
17.3486200000
17.3457000000
17.3427900000
17.3398700000
17.3369600000
17.3340500000
17.3311300000
17.3282200000
17.3253000000
17.3223900000
17.3194700000
17.3165600000
17.3136400000
17.3107300000
17.3078200000
17.3049000000
17.3019900000
17.2990700000
17.2961600000
17.2932400000
17.2903300000
17.2874100000
17.2845000000
17.2815900000
17.2786700000
17.2757600000
17.2728400000
17.2699200000
17.2670000000
17.2640800000
17.2611400000
17.2582000000
17.2552600000
17.2523300000
17.2493900000
17.2464500000
17.2435200000
17.2405800000
17.2376400000
17.2347000000
17.2317600000
17.2288100000
17.2258700000
17.2229200000
17.2199800000
17.2170300000
17.2140900000
17.2111400000
17.2082000000
17.2052500000
17.2023000000
17.1993500000
17.1964000000
17.1934400000
17.1904800000
17.1875100000
17.1845400000
17.1815700000
17.1786000000
17.1756400000
17.1726600000
17.1696900000
17.1667100000
17.1637300000
17.1607600000
17.1577800000
17.1548100000
17.1518300000
17.1488600000
17.1458800000
17.1429100000
17.1399300000
17.1369600000
17.1339800000
17.1310000000
17.1280200000
17.1250400000
17.1220600000
17.1190700000
17.1160900000
17.1131100000
17.1101200000
17.1071400000
17.1041600000
17.1011700000
17.0981900000
17.0952100000
17.0922200000
17.0892400000
17.0862600000
17.0832700000
17.0802900000
17.0773100000
17.0743000000
17.0713000000
17.0682900000
17.0652800000
17.0622800000
17.0592700000
17.0562700000
17.0532600000
17.0502500000
17.0472500000
17.0442400000
17.0412400000
17.0382300000
17.0352200000
17.0322100000
17.0292000000
17.0261800000
17.0231700000
17.0201600000
17.0171400000
17.0141300000
17.0111200000
17.0081000000
17.0050900000
17.0020600000
16.9990200000
16.9959900000
16.9929500000
16.9899100000
16.9868800000
16.9838400000
16.9808000000
16.9777700000
16.9747300000
16.9716900000
16.9686600000
16.9656200000
16.9625800000
16.9595300000
16.9564900000
16.9534500000
16.9504000000
16.9473400000
16.9442800000
16.9412200000
16.9381600000
16.9351000000
16.9320400000
16.9289800000
16.9259100000
16.9228400000
16.9197800000
16.9167100000
16.9136400000
16.9105800000
16.9075100000
16.9044400000
16.9013700000
16.8983100000
16.8952400000
16.8921700000
16.8891100000
16.8860300000
16.8829600000
16.8798800000
16.8768100000
16.8737300000
16.8706600000
16.8675800000
16.8645100000
16.8614300000
16.8583600000
16.8552900000
16.8522100000
16.8491400000
16.8460600000
16.8429900000
16.8399100000
16.8368400000
16.8337600000
16.8306700000
16.8275900000
16.8245100000
16.8214300000
16.8183300000
16.8152300000
16.8121300000
16.8090400000
16.8059400000
16.8028400000
16.7997400000
16.7966500000
16.7935500000
16.7904500000
16.7873500000
16.7842500000
16.7811400000
16.7780400000
16.7749300000
16.7718300000
16.7687200000
16.7656200000
16.7625100000
16.7594100000
16.7563000000
16.7532000000
16.7500900000
16.7469900000
16.7438800000
16.7407800000
16.7376700000
16.7345600000
16.7314500000
16.7283300000
16.7252200000
16.7221100000
16.7189900000
16.7158800000
16.7127700000
16.7096600000
16.7065400000
16.7034100000
16.7002900000
16.6971600000
16.6940200000
16.6908900000
16.6877500000
16.6846200000
16.6814800000
16.6783400000
16.6752100000
16.6720700000
16.6689400000
16.6657900000
16.6626500000
16.6595100000
16.6563600000
16.6532200000
16.6500800000
16.6469300000
16.6437900000
16.6406300000
16.6374700000
16.6343000000
16.6311300000
16.6279700000
16.6248000000
16.6216400000
16.6184700000
16.6153000000
16.6121400000
16.6089700000
16.6058000000
16.6026300000
16.5994600000
16.5962800000
16.5931100000
16.5899400000
16.5867600000
16.5835900000
16.5804100000
16.5772400000
16.5740700000
16.5708900000
16.5677200000
16.5645300000
16.5613300000
16.5581400000
16.5549400000
16.5517400000
16.5485500000
16.5453500000
16.5421500000
16.5389600000
16.5357600000
16.5325600000
16.5293700000
16.5261700000
16.5229600000
16.5197600000
16.5165600000
16.5133500000
16.5101500000
16.5069400000
16.5037400000
16.5005300000
16.4973300000
16.4941300000
16.4909200000
16.4877200000
16.4845100000
16.4813100000
16.4781000000
16.4748900000
16.4716800000
16.4684700000
16.4652600000
16.4620300000
16.4588000000
16.4555700000
16.4523500000
16.4491200000
16.4458900000
16.4426700000
16.4394400000
16.4362100000
16.4329800000
16.4297600000
16.4265300000
16.4233000000
16.4200700000
16.4168500000
16.4136100000
16.4103800000
16.4071400000
16.4039100000
16.4006700000
16.3974400000
16.3942000000
16.3909700000
16.3877300000
16.3845000000
16.3812600000
16.3780300000
16.3747800000
16.3715200000
16.3682600000
16.3650100000
16.3617500000
16.3584900000
16.3552300000
16.3519700000
16.3487200000
16.3454600000
16.3422000000
16.3389400000
16.3356800000
16.3324100000
16.3291500000
16.3258800000
16.3226200000
16.3193500000
16.3160900000
16.3128100000
16.3095200000
16.3062400000
16.3029600000
16.2996700000
16.2963800000
16.2930900000
16.2898000000
16.2865100000
16.2832300000
16.2799400000
16.2766500000
16.2733600000
16.2700700000
16.2667700000
16.2634700000
16.2601800000
16.2568700000
16.2535600000
16.2502400000
16.2469300000
16.2436200000
16.2403100000
16.2370000000
16.2336900000
16.2303800000
16.2270700000
16.2237500000
16.2204300000
16.2171100000
16.2137900000
16.2104700000
16.2071500000
16.2038300000
16.2005200000
16.1972000000
16.1938800000
16.1905600000
16.1872400000
16.1839200000
16.1806000000
16.1772800000
16.1739500000
16.1706200000
16.1673000000
16.1639700000
16.1606400000
16.1573200000
16.1539800000
16.1506300000
16.1472900000
16.1439400000
16.1405900000
16.1372500000
16.1339000000
16.1305500000
16.1272000000
16.1238500000
16.1205000000
16.1171500000
16.1138000000
16.1104400000
16.1070900000
16.1037300000
16.1003700000
16.0970200000
16.0936600000
16.0903000000
16.0869400000
16.0835900000
16.0802300000
16.0768700000
16.0735100000
16.0701400000
16.0667800000
16.0634200000
16.0600500000
16.0566700000
16.0532900000
16.0499100000
16.0465300000
16.0431500000
16.0397700000
16.0363800000
16.0330000000
16.0296100000
16.0262200000
16.0228300000
16.0194500000
16.0160600000
16.0126700000
16.0092800000
16.0059000000
16.0025100000
15.9991200000
15.9957300000
15.9923300000
15.9889400000
15.9855400000
15.9821500000
15.9787500000
15.9753600000
15.9719600000
15.9685700000
15.9651600000
15.9617500000
15.9583300000
15.9549100000
15.9514900000
15.9480700000
15.9446600000
15.9412400000
15.9378200000
15.9344000000
15.9309800000
15.9275700000
15.9241500000
15.9207200000
15.9173000000
15.9138700000
15.9104500000
15.9070200000
15.9035900000
15.9001700000
15.8967400000
15.8933200000
15.8898900000
15.8864700000
15.8830400000
15.8796100000
15.8761600000
15.8727100000
15.8692600000
15.8658100000
15.8623700000
15.8589200000
15.8554700000
15.8520200000
15.8485700000
15.8451200000
15.8416700000
15.8382100000
15.8347500000
15.8313000000
15.8278400000
15.8243900000
15.8209300000
15.8174700000
15.8140200000
15.8105500000
15.8070800000
15.8036000000
15.8001200000
15.7966400000
15.7931600000
15.7896800000
15.7862000000
15.7827200000
15.7792400000
15.7757600000
15.7722900000
15.7688100000
15.7653200000
15.7618300000
15.7583500000
15.7548600000
15.7513700000
15.7478900000
15.7444000000
15.7409000000
15.7374000000
15.7338900000
15.7303900000
15.7268900000
15.7233900000
15.7198800000
15.7163700000
15.7128600000
15.7093500000
15.7058400000
15.7023300000
15.6988200000
15.6953100000
15.6918000000
15.6882900000
15.6847800000
15.6812700000
15.6777500000
15.6742300000
15.6707200000
15.6671800000
15.6636500000
15.6601200000
15.6565900000
15.6530500000
15.6495200000
15.6459900000
15.6424600000
15.6389200000
15.6353800000
15.6318400000
15.6283000000
15.6247600000
15.6212200000
15.6176800000
15.6141400000
15.6106000000
15.6070600000
15.6035200000
15.5999500000
15.5963900000
15.5928300000
15.5892600000
15.5857000000
15.5821400000
15.5785800000
15.5750100000
15.5714500000
15.5678800000
15.5643100000
15.5607400000
15.5571700000
15.5536000000
15.5500300000
15.5464600000
15.5428800000
15.5393100000
15.5357400000
15.5321400000
15.5285500000
15.5249600000
15.5213600000
15.5177700000
15.5141800000
15.5105800000
15.5069900000
15.5033900000
15.4997900000
15.4961900000
15.4925800000
15.4889800000
15.4853800000
15.4817800000
15.4781800000
15.4745800000
15.4709800000
15.4673700000
15.4637600000
15.4601500000
15.4565400000
15.4529200000
15.4493000000
15.4456700000
15.4420500000
15.4384200000
15.4348000000
15.4311700000
15.4275400000
15.4239000000
15.4202700000
15.4166400000
15.4130100000
15.4093800000
15.4057500000
15.4021100000
15.3984800000
15.3948500000
15.3912200000
15.3875800000
15.3839400000
15.3803000000
15.3766600000
15.3730200000
15.3693800000
15.3657500000
15.3620900000
15.3584400000
15.3547800000
15.3511300000
15.3474700000
15.3438200000
15.3401600000
15.3364900000
15.3328300000
15.3291700000
15.3255100000
15.3218500000
15.3181800000
15.3145200000
15.3108600000
15.3072000000
15.3035400000
15.2998700000
15.2962000000
15.2925300000
15.2888600000
15.2851700000
15.2814900000
15.2778000000
15.2741200000
15.2704300000
15.2667500000
15.2630500000
15.2593600000
15.2556700000
15.2519800000
15.2482800000
15.2445900000
15.2409000000
15.2372100000
15.2335100000
15.2298200000
15.2261300000
15.2224300000
15.2187300000
15.2150100000
15.2113000000
15.2075800000
15.2038700000
15.2001500000
15.1964300000
15.1927200000
15.1890000000
15.1852700000
15.1815500000
15.1778300000
15.1741000000
15.1703800000
15.1666600000
15.1629300000
15.1592000000
15.1554700000
15.1517400000
15.1480100000
15.1442800000
15.1405300000
15.1367900000
15.1330400000
15.1293000000
15.1255400000
15.1217900000
15.1180300000
15.1142800000
15.1105300000
15.1067700000
15.1030200000
15.0992700000
15.0955000000
15.0917400000
15.0879800000
15.0842200000
15.0804600000
15.0767000000
15.0729400000
15.0691600000
15.0653800000
15.0615900000
15.0578100000
15.0540200000
15.0502400000
15.0464600000
15.0426700000
15.0388900000
15.0351000000
15.0313100000
15.0275200000
15.0237300000
15.0199400000
15.0161400000
15.0123500000
15.0085600000
15.0047700000
15.0009800000
14.9971800000
14.9933700000
14.9895600000
14.9857400000
14.9819300000
14.9781100000
14.9743000000
14.9704800000
14.9666700000
14.9628500000
14.9590400000
14.9552200000
14.9514000000
14.9475800000
14.9437600000
14.9399300000
14.9361100000
14.9322900000
14.9284700000
14.9246400000
14.9208200000
14.9170000000
14.9131800000
14.9093600000
14.9055300000
14.9016900000
14.8978400000
14.8940000000
14.8901500000
14.8863100000
14.8824600000
14.8786200000
14.8747700000
14.8709300000
14.8670700000
14.8632200000
14.8593700000
14.8555100000
14.8516600000
14.8478100000
14.8439600000
14.8400900000
14.8362200000
14.8323400000
14.8284700000
14.8245900000
14.8207200000
14.8168400000
14.8129700000
14.8090900000
14.8052100000
14.8013200000
14.7974400000
14.7935600000
14.7896600000
14.7857600000
14.7818600000
14.7779500000
14.7740500000
14.7701400000
14.7662400000
14.7623300000
14.7584200000
14.7545200000
14.7506100000
14.7467000000
14.7427800000
14.7388700000
14.7349400000
14.7310100000
14.7270800000
14.7231500000
14.7192200000
14.7152900000
14.7113500000
14.7074100000
14.7034800000
14.6995400000
14.6956000000
14.6916700000
14.6877300000
14.6837900000
14.6798600000
14.6759100000
14.6719700000
14.6680200000
14.6640800000
14.6601200000
14.6561600000
14.6522000000
14.6482400000
14.6442700000
14.6403000000
14.6363400000
14.6323700000
14.6284000000
14.6244400000
14.6204700000
14.6165000000
14.6125300000
14.6085500000
14.6045800000
14.6006000000
14.5966300000
14.5926500000
14.5886800000
14.5847000000
14.5807300000
14.5767300000
14.5727300000
14.5687300000
14.5647400000
14.5607400000
14.5567400000
14.5527400000
14.5487400000
14.5447400000
14.5407300000
14.5367300000
14.5327200000
14.5287200000
14.5247100000
14.5207100000
14.5167000000
14.5127000000
14.5086800000
14.5046700000
14.5006600000
14.4966400000
14.4926100000
14.4885900000
14.4845600000
14.4805300000
14.4764900000
14.4724600000
14.4684200000
14.4643900000
14.4603500000
14.4563100000
14.4522800000
14.4482400000
14.4442000000
14.4401600000
14.4361100000
14.4320700000
14.4280200000
14.4239800000
14.4199200000
14.4158600000
14.4118000000
14.4077400000
14.4036700000
14.3996000000
14.3955400000
14.3914700000
14.3874100000
14.3833400000
14.3792700000
14.3752000000
14.3711200000
14.3670500000
14.3629800000
14.3589000000
14.3548100000
14.3507200000
14.3466300000
14.3425400000
14.3384400000
14.3343400000
14.3302500000
14.3261500000
14.3220500000
14.3179600000
14.3138600000
14.3097500000
14.3056500000
14.3015400000
14.2974400000
14.2933200000
14.2892000000
14.2850800000
14.2809600000
14.2768400000
14.2727100000
14.2685900000
14.2644600000
14.2603300000
14.2562000000
14.2520800000
14.2479500000
14.2438200000
14.2396900000
14.2355600000
14.2314100000
14.2272600000
14.2231100000
14.2189600000
14.2148100000
14.2106600000
14.2065000000
14.2023500000
14.1981900000
14.1940300000
14.1898700000
14.1857100000
14.1815600000
14.1774000000
14.1732300000
14.1690400000
14.1648600000
14.1606800000
14.1565000000
14.1523200000
14.1481400000
14.1439600000
14.1397700000
14.1355800000
14.1313900000
14.1272000000
14.1230200000
14.1188300000
14.1146400000
14.1104300000
14.1062200000
14.1020100000
14.0977900000
14.0935800000
14.0893700000
14.0851600000
14.0809400000
14.0767200000
14.0725000000
14.0682800000
14.0640600000
14.0598400000
14.0556300000
14.0514100000
14.0471800000
14.0429500000
14.0387100000
14.0344700000
14.0302300000
14.0259900000
14.0217400000
14.0175000000
14.0132600000
14.0090100000
14.0047600000
14.0005100000
13.9962600000
13.9920100000
13.9877600000
13.9835100000
13.9792600000
13.9750100000
13.9707500000
13.9664900000
13.9622300000
13.9579800000
13.9537200000
13.9494500000
13.9451800000
13.9409000000
13.9366200000
13.9323400000
13.9280600000
13.9237800000
13.9195000000
13.9152200000
13.9109400000
13.9066600000
13.9023700000
13.8980900000
13.8937800000
13.8894800000
13.8851800000
13.8808700000
13.8765700000
13.8722600000
13.8679500000
13.8636400000
13.8593300000
13.8550200000
13.8507100000
13.8464000000
13.8420800000
13.8377500000
13.8334100000
13.8290800000
13.8247500000
13.8204100000
13.8160800000
13.8117400000
13.8074000000
13.8030500000
13.7987100000
13.7943700000
13.7900300000
13.7856900000
13.7813300000
13.7769600000
13.7726000000
13.7682300000
13.7638700000
13.7595100000
13.7551400000
13.7507700000
13.7464000000
13.7420300000
13.7376600000
13.7332800000
13.7289100000
13.7245300000
13.7201400000
13.7157400000
13.7113500000
13.7069500000
13.7025600000
13.6981700000
13.6937600000
13.6893600000
13.6849600000
13.6805600000
13.6761600000
13.6717500000
13.6673500000
13.6629500000
13.6585400000
13.6541300000
13.6497200000
13.6452900000
13.6408700000
13.6364400000
13.6320200000
13.6275900000
13.6231500000
13.6187200000
13.6142900000
13.6098600000
13.6054200000
13.6009800000
13.5965400000
13.5921000000
13.5876600000
13.5832100000
13.5787500000
13.5742900000
13.5698200000
13.5653600000
13.5609000000
13.5564300000
13.5519700000
13.5475100000
13.5430400000
13.5385700000
13.5341000000
13.5296200000
13.5251500000
13.5206800000
13.5162000000
13.5117100000
13.5072200000
13.5027200000
13.4982300000
13.4937400000
13.4892400000
13.4847500000
13.4802600000
13.4757600000
13.4712600000
13.4667600000
13.4622600000
13.4577600000
13.4532500000
13.4487500000
13.4442500000
13.4397400000
13.4352100000
13.4306900000
13.4261600000
13.4216400000
13.4171100000
13.4125900000
13.4080700000
13.4035300000
13.3990000000
13.3944700000
13.3899400000
13.3854100000
13.3808700000
13.3763400000
13.3718000000
13.3672500000
13.3626900000
13.3581400000
13.3535800000
13.3490300000
13.3444700000
13.3399100000
13.3353500000
13.3307900000
13.3262300000
13.3216600000
13.3171000000
13.3125400000
13.3079600000
13.3033800000
13.2987900000
13.2942000000
13.2896200000
13.2850300000
13.2804500000
13.2758600000
13.2712600000
13.2666700000
13.2620800000
13.2574800000
13.2528800000
13.2482600000
13.2436400000
13.2390300000
13.2344100000
13.2298000000
13.2251800000
13.2205700000
13.2159400000
13.2113200000
13.2067000000
13.2020700000
13.1974500000
13.1928100000
13.1881700000
13.1835300000
13.1788800000
13.1742300000
13.1695900000
13.1649400000
13.1602900000
13.1556500000
13.1509900000
13.1463400000
13.1416900000
13.1370300000
13.1323800000
13.1277200000
13.1230700000
13.1184200000
13.1137600000
13.1091100000
13.1044500000
13.0997700000
13.0950900000
13.0904200000
13.0857400000
13.0810600000
13.0763900000
13.0717100000
13.0670200000
13.0623400000
13.0576600000
13.0529700000
13.0482900000
13.0436000000
13.0389200000
13.0342300000
13.0295200000
13.0248100000
13.0201000000
13.0154000000
13.0106900000
13.0059700000
13.0012600000
12.9965400000
12.9918300000
12.9871100000
12.9824000000
12.9776800000
12.9729600000
12.9682200000
12.9634900000
12.9587500000
12.9540100000
12.9492700000
12.9445300000
12.9397800000
12.9350400000
12.9302900000
12.9255400000
12.9208000000
12.9160500000
12.9113000000
12.9065300000
12.9017600000
12.8970000000
12.8922300000
12.8874600000
12.8826900000
12.8779200000
12.8731500000
12.8683700000
12.8635900000
12.8588200000
12.8540400000
12.8492700000
12.8444900000
12.8397100000
12.8349100000
12.8301100000
12.8253100000
12.8205100000
12.8157100000
12.8109100000
12.8061100000
12.8013200000
12.7965100000
12.7917000000
12.7869000000
12.7820900000
12.7772800000
12.7724800000
12.7676700000
12.7628600000
12.7580600000
12.7532400000
12.7484300000
12.7436100000
12.7388000000
12.7339900000
12.7291600000
12.7243300000
12.7195000000
12.7146700000
12.7098300000
12.7049900000
12.7001600000
12.6953200000
12.6904800000
12.6856500000
12.6808100000
12.6759700000
12.6711300000
12.6663000000
12.6614600000
12.6566200000
12.6517700000
12.6469100000
12.6420500000
12.6371900000
12.6323300000
12.6274700000
12.6226100000
12.6177500000
12.6128800000
12.6080200000
12.6031500000
12.5982800000
12.5934100000
12.5885500000
12.5836800000
12.5788100000
12.5739400000
12.5690800000
12.5642100000
12.5593300000
12.5544600000
12.5495700000
12.5446800000
12.5397900000
12.5349000000
12.5300100000
12.5251200000
12.5202300000
12.5153400000
12.5104400000
12.5055400000
12.5006400000
12.4957400000
12.4908400000
12.4859500000
12.4810500000
12.4761500000
12.4712500000
12.4663500000
12.4614600000
12.4565600000
12.4516500000
12.4467500000
12.4418400000
12.4369200000
12.4320000000
12.4270800000
12.4221600000
12.4172400000
12.4123200000
12.4073900000
12.4024700000
12.3975500000
12.3926300000
12.3877100000
12.3827800000
12.3778500000
12.3729200000
12.3680000000
12.3630700000
12.3581400000
12.3532100000
12.3482800000
12.3433500000
12.3384200000
12.3335000000
12.3285700000
12.3236400000
12.3187100000
12.3137800000
12.3088500000
12.3039200000
12.2990000000
12.2940700000
12.2891400000
12.2842100000
12.2792600000
12.2743100000
12.2693600000
12.2644000000
12.2594500000
12.2545000000
12.2495500000
12.2446000000
12.2396500000
12.2347000000
12.2297400000
12.2247900000
12.2198400000
12.2148900000
12.2099400000
12.2049900000
12.2000400000
12.1950800000
12.1901300000
12.1851800000
12.1802300000
12.1752800000
12.1703300000
12.1653700000
12.1604200000
12.1554700000
12.1505200000
12.1455700000
12.1406200000
12.1356700000
12.1307100000
12.1257600000
12.1208100000
12.1158600000
12.1109100000
12.1059600000
12.1010100000
12.0960500000
12.0911000000
12.0861500000
12.0812000000
12.0762500000
12.0713000000
12.0663500000
12.0613900000
12.0564400000
12.0514900000
12.0465400000
12.0415900000
12.0366400000
12.0316800000
12.0267300000
12.0217800000
12.0168400000
12.0118900000
12.0069500000
12.0020100000
11.9970800000
11.9921500000
11.9872200000
11.9822900000
11.9773600000
11.9724300000
11.9675100000
11.9625800000
11.9576500000
11.9527200000
11.9477900000
11.9428600000
11.9379300000
11.9330100000
11.9280800000
11.9231500000
11.9182200000
11.9133000000
11.9083800000
11.9034600000
11.8985400000
11.8936200000
11.8886900000
11.8837700000
11.8788500000
11.8739500000
11.8690400000
11.8641400000
11.8592400000
11.8543400000
11.8494400000
11.8445400000
11.8396500000
11.8347500000
11.8298500000
11.8249500000
11.8200600000
11.8151700000
11.8102800000
11.8053900000
11.8005000000
11.7956100000
11.7907300000
11.7858600000
11.7809800000
11.7761200000
11.7712500000
11.7663800000
11.7615100000
11.7566500000
11.7517800000
11.7469100000
11.7420400000
11.7371800000
11.7323200000
11.7274600000
11.7226000000
11.7177400000
11.7129000000
11.7080500000
11.7032200000
11.6983800000
11.6935400000
11.6887100000
11.6838700000
11.6790300000
11.6741900000
11.6693600000
11.6645400000
11.6597100000
11.6548800000
11.6500500000
11.6452200000
11.6404000000
11.6356000000
11.6307900000
11.6259800000
11.6211800000
11.6163700000
11.6115700000
11.6067700000
11.6019700000
11.5971800000
11.5923800000
11.5875900000
11.5828100000
11.5780300000
11.5732600000
11.5684800000
11.5637100000
11.5589400000
11.5541800000
11.5494100000
11.5446500000
11.5399000000
11.5351600000
11.5304100000
11.5256700000
11.5209400000
11.5162000000
11.5114600000
11.5067300000
11.5020000000
11.4972800000
11.4925700000
11.4878600000
11.4831500000
11.4784500000
11.4737400000
11.4690400000
11.4643600000
11.4596700000
11.4549900000
11.4503000000
11.4456300000
11.4409500000
11.4362700000
11.4316100000
11.4269600000
11.4223000000
11.4176500000
11.4129900000
11.4083500000
11.4037000000
11.3990600000
11.3944200000
11.3898000000
11.3851800000
11.3805500000
11.3759300000
11.3713200000
11.3667000000
11.3621000000
11.3575000000
11.3529100000
11.3483100000
11.3437200000
11.3391300000
11.3345400000
11.3299700000
11.3254000000
11.3208400000
11.3162800000
11.3117100000
11.3071500000
11.3026000000
11.2980600000
11.2935200000
11.2889800000
11.2844500000
11.2799100000
11.2753800000
11.2708600000
11.2663500000
11.2618400000
11.2573400000
11.2528400000
11.2483400000
11.2438400000
11.2393400000
11.2348600000
11.2303800000
11.2259100000
11.2214400000
11.2169700000
11.2125100000
11.2080600000
11.2036100000
11.1991700000
11.1947300000
11.1902800000
11.1858400000
11.1814100000
11.1769900000
11.1725800000
11.1681700000
11.1637600000
11.1593500000
11.1549500000
11.1505600000
11.1461700000
11.1417900000
11.1374100000
11.1330300000
11.1286600000
11.1242900000
11.1199300000
11.1155800000
11.1112300000
11.1068800000
11.1025400000
11.0982000000
11.0938700000
11.0895500000
11.0852400000
11.0809200000
11.0766100000
11.0723000000
11.0680000000
11.0637100000
11.0594300000
11.0551400000
11.0508600000
11.0465800000
11.0423100000
11.0380600000
11.0338000000
11.0295500000
11.0253000000
11.0210600000
11.0168400000
11.0126100000
11.0083800000
11.0041600000
10.9999400000
10.9957400000
10.9915400000
10.9873400000
10.9831500000
10.9789600000
10.9747700000
10.9705800000
10.9664200000
10.9622500000
10.9580800000
10.9539300000
10.9497700000
10.9456100000
10.9414700000
10.9373400000
10.9332000000
10.9290800000
10.9249500000
10.9208200000
10.9167200000
10.9126100000
10.9085100000
10.9044100000
10.9003100000
10.8962200000
10.8921400000
10.8880700000
10.8840000000
10.8799300000
10.8758600000
10.8718000000
10.8677400000
10.8636900000
10.8596500000
10.8556100000
10.8515800000
10.8475400000
10.8435100000
10.8395000000
10.8354900000
10.8314800000
10.8274800000
10.8234700000
10.8194900000
10.8155100000
10.8115200000
10.8075500000
10.8035700000
10.7996000000
10.7956500000
10.7916900000
10.7877400000
10.7837900000
10.7798500000
10.7759000000
10.7719700000
10.7680500000
10.7641300000
10.7602100000
10.7562900000
10.7523800000
10.7484800000
10.7445900000
10.7407000000
10.7368100000
10.7329300000
10.7290400000
10.7251700000
10.7213100000
10.7174500000
10.7135900000
10.7097400000
10.7059000000
10.7020600000
10.6982300000
10.6944000000
10.6905800000
10.6867600000
10.6829500000
10.6791500000
10.6753500000
10.6715500000
10.6677600000
10.6639600000
10.6601900000
10.6564100000
10.6526400000
10.6488700000
10.6451000000
10.6413400000
10.6376000000
10.6338500000
10.6301100000
10.6263700000
10.6226300000
10.6189000000
10.6151900000
10.6114700000
10.6077700000
10.6040600000
10.6003500000
10.5966500000
10.5929600000
10.5892800000
10.5856000000
10.5819200000
10.5782500000
10.5745800000
10.5709200000
10.5672700000
10.5636100000
10.5599700000
10.5563200000
10.5526700000
10.5490300000
10.5454100000
10.5417900000
10.5381700000
10.5345500000
10.5309400000
10.5273200000
10.5237100000
10.5201000000
10.5165100000
10.5129200000
10.5093400000
10.5057500000
10.5021700000
10.4985900000
10.4950100000
10.4914500000
10.4878900000
10.4843400000
10.4807800000
10.4772300000
10.4736800000
10.4701300000
10.4666000000
10.4630700000
10.4595500000
10.4560200000
10.4525000000
10.4489800000
10.4454700000
10.4419500000
10.4384500000
10.4349500000
10.4314600000
10.4279600000
10.4244800000
10.4209900000
10.4175000000
10.4140300000
10.4105700000
10.4071000000
10.4036400000
10.4001800000
10.3967200000
10.3932600000
10.3898100000
10.3863700000
10.3829300000
10.3795000000
10.3760700000
10.3726300000
10.3692100000
10.3657800000
10.3623700000
10.3589600000
10.3555600000
10.3521600000
10.3487600000
10.3453600000
10.3419700000
10.3385700000
10.3351900000
10.3318200000
10.3284500000
10.3250700000
10.3217000000
10.3183400000
10.3149700000
10.3116200000
10.3082700000
10.3049300000
10.3015900000
10.2982500000
10.2949100000
10.2915700000
10.2882400000
10.2849200000
10.2816000000
10.2782800000
10.2749700000
10.2716600000
10.2683500000
10.2650400000
10.2617300000
10.2584500000
10.2551600000
10.2518700000
10.2485800000
10.2453000000
10.2420200000
10.2387400000
10.2354600000
10.2322000000
10.2289400000
10.2256900000
10.2224300000
10.2191700000
10.2159200000
10.2126700000
10.2094200000
10.2061700000
10.2029400000
10.1997100000
10.1964800000
10.1932500000
10.1900300000
10.1868100000
10.1835900000
10.1803700000
10.1771600000
10.1739600000
10.1707600000
10.1675700000
10.1643700000
10.1611700000
10.1579800000
10.1547900000
10.1516000000
10.1484100000
10.1452300000
10.1420600000
10.1388900000
10.1357300000
10.1325600000
10.1294000000
10.1262300000
10.1230600000
10.1199000000
10.1167500000
10.1136000000
10.1104600000
10.1073200000
10.1041800000
10.1010400000
10.0979100000
10.0947700000
10.0916400000
10.0885100000
10.0853800000
10.0822700000
10.0791600000
10.0760400000
10.0729400000
10.0698300000
10.0667300000
10.0636200000
10.0605200000
10.0574200000
10.0543200000
10.0512200000
10.0481400000
10.0450600000
10.0419900000
10.0389100000
10.0358400000
10.0327600000
10.0296900000
10.0266200000
10.0235500000
10.0204900000
10.0174200000
10.0143700000
10.0113200000
10.0082800000
10.0052300000
10.0021900000
9.9991460000
9.9961020000
9.9930660000
9.9900290000
9.9869930000
9.9839560000
9.9809200000
9.9778910000
9.9748770000
9.9718640000
9.9688500000
9.9658370000
9.9628230000
9.9598170000
9.9568110000
9.9538050000
9.9507990000
9.9477930000
9.9447870000
9.9417890000
9.9387900000
9.9357920000
9.9328090000
9.9298260000
9.9268430000
9.9238670000
9.9208920000
9.9179160000
9.9149410000
9.9119650000
9.9089900000
9.9060140000
9.9030470000
9.9000790000
9.8971110000
9.8941430000
9.8911910000
9.8882380000
9.8852930000
9.8823480000
9.8794030000
9.8764580000
9.8735130000
9.8705680000
9.8676230000
9.8646860000
9.8617490000
9.8588110000
9.8558890000
9.8529670000
9.8500450000
9.8471310000
9.8442160000
9.8413020000
9.8383870000
9.8354730000
9.8325590000
9.8296440000
9.8267370000
9.8238310000
9.8209390000
9.8180480000
9.8151560000
9.8122640000
9.8093730000
9.8064890000
9.8036050000
9.8007210000
9.7978370000
9.7949530000
9.7920690000
9.7891860000
9.7863020000
9.7834410000
9.7805800000
9.7777190000
9.7748580000
9.7719960000
9.7691350000
9.7662740000
9.7634210000
9.7605680000
9.7577140000
9.7548610000
9.7520070000
9.7491540000
9.7463010000
9.7434630000
9.7406240000
9.7377940000
9.7349630000
9.7321330000
9.7293020000
9.7264720000
9.7236410000
9.7208110000
9.7179800000
9.7151580000
9.7123350000
9.7095120000
9.7066890000
9.7038660000
9.7010580000
9.6982510000
9.6954430000
9.6926430000
9.6898430000
9.6870430000
9.6842430000
9.6814430000
9.6786430000
9.6758430000
9.6730430000
9.6702430000
9.6674510000
9.6646590000
9.6618660000
9.6590740000
9.6562970000
9.6535200000
9.6507430000
9.6479650000
9.6451960000
9.6424260000
9.6396570000
9.6368880000
9.6341180000
9.6313490000
9.6285790000
9.6258100000
9.6230480000
9.6202860000
9.6175240000
9.6147620000
9.6120000000
9.6092540000
9.6065070000
9.6037610000
9.6010220000
9.5982830000
9.5955440000
9.5928050000
9.5900660000
9.5873270000
9.5845880000
9.5818490000
9.5791180000
9.5763860000
9.5736550000
9.5709240000
9.5681920000
9.5654610000
9.5627300000
9.5599990000
9.5572820000
9.5545740000
9.5518660000
9.5491570000
9.5464490000
9.5437400000
9.5410320000
9.5383230000
9.5356150000
9.5329070000
9.5301980000
9.5274970000
9.5247960000
9.5220960000
9.5193950000
9.5166940000
9.5139930000
9.5112920000
9.5085920000
9.5058910000
9.5032050000
9.5005270000
9.4978490000
9.4951720000
9.4924940000
9.4898160000
9.4871380000
9.4844600000
9.4817820000
9.4791040000
9.4764260000
9.4737560000
9.4710860000
9.4684150000
9.4657450000
9.4630750000
9.4604040000
9.4577340000
9.4550640000
9.4523940000
9.4497460000
9.4470990000
9.4444510000
9.4418040000
9.4391570000
9.4365090000
9.4338620000
9.4312140000
9.4285670000
9.4259200000
9.4232720000
9.4206320000
9.4179930000
9.4153530000
9.4127130000
9.4100730000
9.4074340000
9.4047940000
9.4021540000
9.3995140000
9.3968740000
9.3942500000
9.3916330000
9.3890160000
9.3863990000
9.3837820000
9.3811660000
9.3785490000
9.3759320000
9.3733150000
9.3706980000
9.3680810000
9.3654640000
9.3628550000
9.3602460000
9.3576360000
9.3550270000
9.3524180000
9.3498090000
9.3471990000
9.3445900000
9.3419810000
9.3393720000
9.3367780000
9.3341840000
9.3315900000
9.3290030000
9.3264170000
9.3238310000
9.3212440000
9.3186580000
9.3160720000
9.3134850000
9.3108990000
9.3083120000
9.3057260000
9.3031400000
9.3005530000
9.2979670000
9.2953880000
9.2928090000
9.2902310000
9.2876520000
9.2850730000
9.2824950000
9.2799160000
9.2773520000
9.2747890000
9.2722250000
9.2696620000
9.2671060000
9.2645500000
9.2619940000
9.2594390000
9.2568830000
9.2543270000
9.2517710000
9.2492150000
9.2466590000
9.2441030000
9.2415480000
9.2389920000
9.2364360000
9.2338800000
9.2313320000
9.2287840000
9.2262350000
9.2236870000
9.2211390000
9.2185910000
9.2160430000
9.2134940000
9.2109460000
9.2084130000
9.2058800000
9.2033470000
9.2008140000
9.1982810000
9.1957480000
9.1932230000
9.1906980000
9.1881720000
9.1856470000
9.1831220000
9.1805960000
9.1780710000
9.1755460000
9.1730200000
9.1704950000
9.1679700000
9.1654440000
9.1629190000
9.1603940000
9.1578680000
9.1553510000
9.1528330000
9.1503150000
9.1477980000
9.1452800000
9.1427620000
9.1402440000
9.1377270000
9.1352240000
9.1327220000
9.1302190000
9.1277170000
9.1252150000
9.1227120000
9.1202170000
9.1177230000
9.1152280000
9.1127330000
9.1102380000
9.1077430000
9.1052480000
9.1027540000
9.1002590000
9.0977640000
9.0952690000
9.0927740000
9.0902800000
9.0877850000
9.0852900000
9.0827950000
9.0803000000
9.0778130000
9.0753260000
9.0728390000
9.0703520000
9.0678800000
9.0654080000
9.0629360000
9.0604640000
9.0579920000
9.0555200000
9.0530480000
9.0505760000
9.0481040000
9.0456320000
9.0431600000
9.0406890000
9.0382240000
9.0357600000
9.0332960000
9.0308310000
9.0283670000
9.0259030000
9.0234380000
9.0209740000
9.0185100000
9.0160460000
9.0135810000
9.0111170000
9.0086530000
9.0061880000
9.0037240000
9.0012750000
8.9988260000
8.9963770000
8.9939280000
8.9914790000
8.9890300000
8.9865810000
8.9841320000
8.9816900000
8.9792490000
8.9768080000
8.9743660000
8.9719250000
8.9694830000
8.9670420000
8.9646010000
8.9621590000
8.9597180000
8.9572760000
8.9548350000
8.9523940000
8.9499520000
8.9475110000
8.9450690000
8.9426280000
8.9401870000
8.9377450000
8.9353040000
8.9328620000
8.9304210000
8.9279790000
8.9255380000
8.9231040000
8.9206860000
8.9182670000
8.9158490000
8.9134300000
8.9110120000
8.9085930000
8.9061750000
8.9037560000
8.9013380000
8.8989190000
8.8965010000
8.8940820000
8.8916640000
8.8892450000
8.8868270000
8.8844080000
8.8819890000
8.8795710000
8.8771520000
8.8747420000
8.8723310000
8.8699200000
8.8675090000
8.8650980000
8.8626870000
8.8602760000
8.8578650000
8.8554540000
8.8530440000
8.8506330000
8.8482220000
8.8458110000
8.8434000000
8.8409890000
8.8385780000
8.8361670000
8.8337560000
8.8313460000
8.8289350000
8.8265240000
8.8241130000
8.8217100000
8.8193060000
8.8169030000
8.8145000000
8.8120970000
8.8096930000
8.8072900000
8.8048870000
8.8024840000
8.8000800000
8.7976920000
8.7953040000
8.7929160000
8.7905280000
8.7881400000
8.7857520000
8.7833640000
8.7809760000
8.7785880000
8.7762000000
8.7738120000
8.7714240000
8.7690360000
8.7666560000
8.7642760000
8.7618950000
8.7595150000
8.7571340000
8.7547540000
8.7523740000
8.7499930000
8.7476130000
8.7452330000
8.7428520000
8.7404720000
8.7380910000
8.7357110000
8.7333310000
8.7309500000
8.7285700000
8.7261900000
8.7238090000
8.7214290000
8.7190490000
8.7166680000
8.7142950000
8.7119230000
8.7095500000
8.7071770000
8.7048200000
8.7024620000
8.7001050000
8.6977470000
8.6953900000
8.6930320000
8.6906750000
8.6883170000
8.6859600000
8.6836020000
8.6812450000
8.6788870000
8.6765300000
8.6741720000
8.6718150000
8.6694570000
8.6671000000
8.6647420000
8.6623850000
8.6600280000
8.6576700000
8.6553130000
8.6529550000
8.6505980000
8.6482400000
8.6458830000
8.6435250000
8.6411680000
8.6388100000
8.6364600000
8.6341100000
8.6317610000
8.6294110000
8.6270610000
8.6247260000
8.6223920000
8.6200570000
8.6177230000
8.6153880000
8.6130530000
8.6107190000
8.6083840000
8.6060500000
8.6037150000
8.6013800000
8.5990460000
8.5967110000
8.5943770000
8.5920420000
8.5897070000
8.5873730000
8.5850380000
8.5827040000
8.5803690000
8.5780340000
8.5757000000
8.5733650000
8.5710310000
8.5686960000
8.5663610000
8.5640270000
8.5616920000
8.5593580000
8.5570230000
8.5546880000
8.5523540000
8.5500190000
8.5476850000
8.5453580000
8.5430310000
8.5407040000
8.5383770000
8.5360500000
8.5337230000
8.5313960000
8.5290690000
8.5267420000
8.5244300000
8.5221190000
8.5198070000
8.5174950000
8.5151830000
8.5128720000
8.5105600000
8.5082480000
8.5059370000
8.5036250000
8.5013130000
8.4990020000
8.4966900000
8.4943780000
8.4920660000
8.4897550000
8.4874430000
8.4851310000
8.4828200000
8.4805080000
8.4781960000
8.4758840000
8.4735730000
8.4712610000
8.4689490000
8.4666380000
8.4643260000
8.4620140000
8.4597020000
8.4573910000
8.4550790000
8.4527670000
8.4504560000
8.4481440000
8.4458400000
8.4435360000
8.4412320000
8.4389280000
8.4366240000
8.4343190000
8.4320150000
8.4297110000
8.4274070000
8.4251030000
8.4227990000
8.4204950000
8.4181910000
8.4158870000
8.4135830000
8.4112790000
8.4089750000
8.4066710000
8.4043660000
8.4020620000
8.3997580000
8.3974540000
8.3951500000
8.3928460000
8.3905420000
8.3882380000
8.3859340000
8.3836300000
8.3813260000
8.3790220000
8.3767180000
8.3744210000
8.3721250000
8.3698280000
8.3675320000
8.3652350000
8.3629390000
8.3606420000
8.3583610000
8.3560800000
8.3537990000
8.3515180000
8.3492360000
8.3469550000
8.3446740000
8.3423930000
8.3401120000
8.3378310000
8.3355490000
8.3332680000
8.3309870000
8.3287060000
8.3264250000
8.3241430000
8.3218620000
8.3195810000
8.3173000000
8.3150190000
8.3127370000
8.3104560000
8.3081750000
8.3058940000
8.3036130000
8.3013320000
8.2990500000
8.2967690000
8.2944880000
8.2922070000
8.2899260000
8.2876440000
8.2853710000
8.2830970000
8.2808240000
8.2785500000
8.2762770000
8.2740030000
8.2717290000
8.2694560000
8.2671820000
8.2649090000
8.2626350000
8.2603620000
8.2580880000
8.2558150000
8.2535410000
8.2512670000
8.2489940000
8.2467200000
8.2444470000
8.2421730000
8.2399000000
8.2376260000
8.2353530000
8.2330790000
8.2308050000
