12.0000000000
12.0000000000
12.0000000000
12.0000000000
12.0000000000
12.0000000000
12.0000000000
12.0000000000
12.0000000000
12.0000000000
12.0000000000
12.0000000000
12.0000000000
12.0000000000
12.0000000000
12.0000000000
12.0000000000
12.0000000000
11.9999900000
11.9999900000
11.9999900000
11.9999900000
11.9999800000
11.9999800000
11.9999800000
11.9999800000
11.9999800000
11.9999700000
11.9999700000
11.9999700000
11.9999700000
11.9999700000
11.9999600000
11.9999600000
11.9999600000
11.9999600000
11.9999600000
11.9999600000
11.9999600000
11.9999600000
11.9999500000
11.9999500000
11.9999500000
11.9999500000
11.9999500000
11.9999500000
11.9999400000
11.9999400000
11.9999400000
11.9999400000
11.9999300000
11.9999300000
11.9999300000
11.9999200000
11.9999200000
11.9999200000
11.9999100000
11.9999100000
11.9999100000
11.9999000000
11.9999000000
11.9999000000
11.9999000000
11.9998900000
11.9998900000
11.9998800000
11.9998800000
11.9998800000
11.9998700000
11.9998700000
11.9998600000
11.9998600000
11.9998600000
11.9998600000
11.9998500000
11.9998500000
11.9998400000
11.9998400000
11.9998400000
11.9998400000
11.9998300000
11.9998300000
11.9998200000
11.9998200000
11.9998200000
11.9998100000
11.9998100000
11.9998100000
11.9998000000
11.9998000000
11.9998000000
11.9997900000
11.9997900000
11.9997900000
11.9997800000
11.9997800000
11.9997800000
11.9997700000
11.9997700000
11.9997700000
11.9997600000
11.9997500000
11.9997500000
11.9997500000
11.9997400000
11.9997400000
11.9997300000
11.9997300000
11.9997300000
11.9997200000
11.9997200000
11.9997200000
11.9997100000
11.9997000000
11.9997000000
11.9996900000
11.9996900000
11.9996900000
11.9996800000
11.9996800000
11.9996700000
11.9996700000
11.9996600000
11.9996600000
11.9996600000
11.9996500000
11.9996500000
11.9996400000
11.9996400000
11.9996300000
11.9996300000
11.9996200000
11.9996200000
11.9996100000
11.9996100000
11.9996000000
11.9996000000
11.9996000000
11.9995900000
11.9995900000
11.9995800000
11.9995700000
11.9995700000
11.9995600000
11.9995600000
11.9995600000
11.9995500000
11.9995400000
11.9995400000
11.9995300000
11.9995300000
11.9995300000
11.9995200000
11.9995200000
11.9995100000
11.9995100000
11.9995000000
11.9994900000
11.9994900000
11.9994900000
11.9994800000
11.9994800000
11.9994700000
11.9994700000
11.9994600000
11.9994500000
11.9994500000
11.9994400000
11.9994400000
11.9994400000
11.9994300000
11.9994200000
11.9994200000
11.9994100000
11.9994000000
11.9994000000
11.9994000000
11.9993900000
11.9993900000
11.9993800000
11.9993800000
11.9993700000
11.9993600000
11.9993600000
11.9993600000
11.9993500000
