15.0000000000
14.9998600000
14.9889800000
14.9671800000
14.9387300000
14.9078800000
14.8724600000
14.8347700000
14.7978600000
14.7571700000
14.7148400000
14.6745500000
14.6311800000
14.5870700000
14.5443900000
14.4987300000
14.4528000000
14.4097600000
14.3628700000
14.3157700000
14.2711000000
14.2237400000
14.1755200000
14.1305500000
14.0821500000
14.0335700000
13.9879500000
13.9390900000
13.8898400000
13.8428800000
13.7936000000
13.7440000000
13.6970100000
13.6468900000
13.5963400000
13.5495200000
13.4996300000
13.4493700000
13.4017600000
13.3513100000
13.3020300000
13.2551700000
13.2046400000
13.1540600000
13.1066600000
13.0563100000
13.0068500000
12.9603600000
12.9105600000
12.8612700000
12.8148900000
12.7656000000
12.7163100000
12.6703900000
12.6224000000
12.5744100000
12.5292500000
12.4812600000
12.4332700000
12.3892300000
12.3425400000
12.2958400000
12.2519400000
12.2060700000
12.1605500000
12.1186900000
12.0741800000
12.0300800000
11.9885800000
11.9445100000
11.9004800000
11.8596600000
11.8169600000
11.7752000000
11.7361300000
11.6946300000
11.6542600000
11.6164200000
11.5764900000
11.5362900000
11.4987200000
11.4609900000
11.4233800000
11.3879900000
11.3503800000
11.3130600000
11.2791400000
11.2428400000
11.2065500000
11.1729700000
11.1379800000
11.1030100000
11.0702000000
11.0354200000
11.0017300000
10.9700300000
10.9363700000
10.9029800000
10.8724600000
10.8407400000
10.8097300000
10.7805600000
10.7493200000
10.7183600000
10.6892600000
10.6588200000
10.6279300000
10.5989800000
10.5692800000
10.5409200000
10.5134700000
10.4847700000
10.4576900000
10.4326200000
10.4050000000
10.3765600000
10.3517300000
10.3255000000
10.2987100000
10.2729500000
10.2467800000
10.2214100000
10.1962300000
10.1696200000
10.1440100000
10.1207500000
10.0964100000
10.0724000000
10.0501100000
10.0267300000
10.0038800000
9.9830890000
9.9614370000
9.9404740000
9.9212990000
9.9020110000
9.8813970000
9.8615430000
9.8417480000
9.8230620000
9.8067460000
9.7896170000
9.7722060000
9.7575560000
9.7441970000
9.7311650000
9.7198350000
9.7102790000
9.7023580000
9.6962310000
9.6899810000
9.6868980000
9.6854550000
9.6860780000
9.6887060000
9.6937030000
9.7014700000
9.7127210000
9.7250440000
9.7423100000
9.7615870000
9.7843910000
9.8117730000
9.8424260000
9.8768090000
9.9172770000
9.9616550000
10.0067700000
10.0604400000
10.1191000000
10.1773100000
10.2448800000
10.3168300000
10.3891100000
10.4699700000
10.5542200000
10.6378900000
10.7329600000
10.8332000000
10.9332900000
11.0447900000
11.1634200000
11.2794200000
11.4091800000
11.5451500000
11.6791100000
11.8273000000
11.9862300000
12.1427600000
12.3181300000
12.5023000000
12.6846300000
12.8873400000
13.1011500000
13.3108700000
13.5433300000
13.7857400000
14.0213000000
14.2802300000
14.5481400000
14.8068300000
15.0908100000
15.3796500000
15.6593000000
15.9595800000
16.2679800000
