15.0000000000
14.9999300000
14.9904500000
14.9704900000
14.9439400000
14.9147000000
14.8802800000
14.8435200000
14.8072500000
14.7671000000
14.7255000000
14.6854900000
14.6423000000
14.5983500000
14.5564900000
14.5114800000
14.4657400000
14.4224600000
14.3760200000
14.3290600000
14.2848900000
14.2372400000
14.1896900000
14.1445800000
14.0964300000
14.0478300000
14.0019400000
13.9531200000
13.9039300000
13.8577100000
13.8083100000
13.7587600000
13.7121400000
13.6624000000
13.6130400000
13.5661900000
13.5158100000
13.4658300000
13.4192800000
13.3691500000
13.3186700000
13.2710600000
13.2214400000
13.1713400000
13.1237300000
13.0731500000
13.0235700000
12.9771900000
12.9275300000
12.8775300000
12.8303600000
12.7808300000
12.7315500000
12.6851600000
12.6364000000
12.5877000000
12.5425400000
12.4945500000
12.4470100000
12.4022500000
12.3550900000
12.3084000000
12.2644500000
12.2184900000
12.1726100000
12.1299300000
12.0845300000
12.0400300000
11.9981900000
11.9545200000
11.9105100000
11.8705300000
11.8288000000
11.7872900000
11.7482300000
11.7067200000
11.6659100000
11.6280700000
11.5878600000
11.5477300000
11.5113900000
11.4735000000
11.4347100000
11.3990900000
11.3616000000
11.3241300000
11.2891600000
11.2519300000
11.2164200000
11.1825400000
11.1462400000
11.1099500000
11.0777800000
11.0440800000
11.0103900000
10.9786800000
10.9452700000
10.9128900000
10.8824300000
10.8500700000
10.8178300000
10.7875300000
10.7553900000
10.7245200000
10.6960700000
10.6648900000
10.6352600000
10.6073900000
10.5778000000
10.5482200000
10.5204200000
10.4922500000
10.4645000000
10.4380900000
10.4100700000
10.3834200000
10.3583900000
10.3306300000
10.3031200000
10.2784300000
10.2522800000
10.2262100000
10.2019000000
10.1762700000
10.1508300000
10.1270000000
10.1018700000
10.0778600000
10.0562400000
10.0335100000
10.0094200000
9.9861910000
9.9620650000
9.9386860000
9.9171740000
9.8949110000
9.8733110000
9.8538390000
9.8342350000
9.8154840000
9.7978740000
9.7805510000
9.7635740000
9.7476530000
9.7316820000
9.7168820000
9.7049570000
9.6922270000
9.6815870000
9.6712260000
9.6635350000
9.6571480000
9.6525420000
9.6490070000
9.6478360000
9.6493300000
9.6526770000
9.6587230000
9.6662020000
9.6779800000
9.6920280000
9.7091850000
9.7298410000
9.7543340000
9.7805570000
9.8115470000
9.8490190000
9.8873310000
9.9307810000
9.9781090000
10.0267900000
10.0857300000
10.1498500000
10.2137500000
10.2831000000
10.3580100000
10.4332700000
10.5184900000
10.6083900000
10.6984500000
10.7995800000
10.9064400000
11.0129100000
11.1308000000
11.2554800000
11.3771700000
11.5124800000
11.6546900000
11.7936400000
11.9502100000
12.1170200000
12.2799400000
12.4645900000
12.6573800000
12.8483000000
13.0602400000
13.2809500000
13.4989100000
13.7386100000
13.9878800000
14.2317300000
14.4977700000
14.7723300000
15.0380000000
15.3264200000
15.6222000000
15.9054700000
16.2127500000
16.5260800000
16.8250700000
17.1490600000
17.4758200000
17.7882000000
18.1244700000
18.4638900000
18.7852700000
19.1337800000
19.4829400000
19.8144600000
20.1706900000
20.5317100000
20.8725800000
21.2355300000
21.6020100000
21.9513200000
22.3242700000
