12.5000000000
12.4999800000
12.4987900000
12.4969800000
12.4948400000
12.4926000000
12.4899300000
12.4876000000
12.4855800000
12.4836000000
12.4812800000
12.4787100000
12.4762500000
12.4743800000
12.4723100000
12.4698600000
12.4671400000
12.4650400000
12.4629300000
12.4607800000
12.4581400000
12.4554500000
12.4532800000
12.4513500000
12.4489800000
12.4459900000
12.4437300000
12.4415500000
12.4390600000
12.4366600000
12.4340300000
12.4320300000
12.4296900000
12.4272000000
12.4244600000
12.4224400000
12.4202900000
12.4174200000
12.4146900000
12.4123800000
12.4098700000
12.4076900000
12.4049700000
12.4023800000
12.4002600000
12.3984100000
12.3957200000
12.3932800000
12.3908700000
12.3890700000
12.3862300000
12.3833500000
12.3807600000
12.3783200000
12.3750800000
12.3716100000
12.3694900000
12.3669000000
12.3643000000
12.3618600000
12.3599000000
12.3583000000
12.3558500000
12.3529400000
12.3503500000
12.3479000000
12.3453100000
12.3420000000
12.3404000000
12.3386600000
12.3360600000
12.3336200000
12.3310300000
12.3284300000
12.3259400000
12.3223000000
12.3201900000
12.3185700000
12.3159800000
12.3133800000
12.3109400000
12.3083400000
12.3057500000
12.3029200000
12.3005400000
12.2989900000
12.2966200000
12.2935200000
12.2907700000
12.2883300000
12.2857400000
12.2831400000
12.2807000000
12.2786200000
12.2766800000
12.2731800000
12.2702400000
12.2681300000
12.2656900000
12.2630600000
12.2603800000
12.2579400000
12.2553500000
12.2527500000
12.2503100000
12.2478900000
12.2457300000
12.2424300000
12.2395000000
12.2379900000
12.2355500000
12.2321100000
12.2289600000
12.2266700000
12.2240800000
12.2212900000
12.2185800000
12.2159800000
12.2133900000
12.2109500000
12.2083500000
12.2057600000
12.2033200000
12.2007200000
12.1981300000
12.1956900000
12.1930900000
12.1902700000
12.1877300000
12.1851400000
12.1824800000
12.1791400000
12.1758800000
12.1731800000
12.1697100000
12.1658200000
12.1624100000
12.1592400000
12.1553500000
12.1514600000
12.1479600000
12.1441300000
12.1402400000
12.1365800000
12.1326900000
12.1292500000
12.1259200000
12.1220300000
12.1182900000
12.1168800000
12.1145600000
12.1111500000
12.1079500000
12.1066500000
12.1051100000
12.1025400000
12.0997500000
12.0984600000
12.0972400000
12.0946700000
12.0920600000
12.0908400000
12.0895400000
12.0876800000
12.0855500000
12.0842500000
12.0829500000
12.0811200000
12.0789900000
12.0763900000
12.0739500000
12.0713600000
12.0687400000
12.0663000000
12.0637100000
12.0611100000
12.0586700000
12.0560800000
12.0534800000
12.0510400000
12.0484500000
12.0458500000
12.0434100000
12.0408200000
12.0382200000
12.0357800000
12.0331900000
12.0305900000
12.0281500000
12.0255600000
12.0229600000
12.0205200000
12.0179300000
12.0153400000
12.0128900000
12.0103000000
12.0077100000
12.0052600000
12.0026700000
12.0000800000
11.9976300000
11.9950400000
11.9924500000
11.9900100000
11.9874100000
11.9848200000
11.9823800000
11.9797800000
11.9771900000
11.9747500000
11.9721500000
11.9695600000
11.9671200000
11.9645200000
11.9619300000
11.9594900000
11.9568900000
11.9543000000
11.9518600000
11.9492600000
11.9466700000
11.9442300000
11.9416400000
11.9390400000
11.9366000000
11.9340100000
11.9314100000
11.9289700000
11.9263800000
11.9237800000
11.9213400000
11.9187500000
11.9161500000
11.9137100000
11.9111200000
11.9085200000
11.9060800000
11.9034900000
11.9008900000
11.8984500000
11.8958600000
11.8932600000
11.8908200000
11.8882300000
11.8856400000
11.8831900000
11.8806000000
11.8780100000
11.8755600000
11.8729700000
11.8703800000
11.8679400000
11.8653400000
11.8627500000
11.8603100000
11.8577100000
11.8551200000
11.8526800000
11.8500800000
11.8474900000
11.8450500000
11.8424500000
11.8398600000
11.8374200000
11.8348200000
11.8322300000
11.8297900000
11.8271900000
11.8246000000
11.8221600000
11.8195600000
11.8169700000
11.8145300000
11.8119400000
11.8093400000
11.8069000000
11.8043100000
11.8017100000
11.7992700000
11.7966800000
11.7940800000
11.7916400000
11.7890500000
11.7864500000
11.7840100000
11.7814200000
11.7788200000
11.7763800000
11.7737900000
11.7711900000
11.7687500000
11.7661600000
11.7635700000
11.7611200000
11.7585300000
11.7559400000
11.7534900000
11.7509000000
11.7483100000
11.7458600000
11.7432700000
11.7406800000
11.7382400000
11.7351600000
11.7325700000
11.7301300000
11.7275300000
11.7237400000
11.7213000000
11.7187000000
11.7159900000
11.7126200000
11.7100300000
11.7075200000
11.7051300000
11.7013300000
11.6987400000
11.6966400000
11.6938600000
11.6902700000
11.6878800000
11.6858500000
11.6827600000
11.6794700000
11.6769500000
11.6750900000
11.6721400000
11.6686200000
11.6660000000
11.6643100000
11.6607700000
11.6574100000
11.6553300000
11.6535900000
11.6496900000
11.6464200000
11.6443600000
11.6431200000
11.6388600000
11.6351300000
11.6333500000
11.6326500000
11.6279400000
11.6245400000
11.6231500000
11.6223100000
11.6174600000
11.6140500000
11.6124000000
11.6118400000
11.6069600000
11.6037400000
11.6023500000
11.6021000000
11.5969100000
11.5936100000
11.5927500000
11.5921900000
11.5870000000
11.5846500000
11.5836300000
11.5825900000
11.5777100000
11.5750700000
11.5746100000
11.5733000000
11.5681900000
11.5657000000
11.5655200000
11.5638200000
11.5586500000
11.5561100000
11.5561100000
11.5542900000
11.5498900000
11.5481800000
11.5480500000
11.5466100000
11.5440100000
11.5421600000
11.5421600000
11.5405100000
11.5380600000
11.5362200000
11.5361600000
11.5343400000
11.5319000000
11.5298600000
11.5298600000
11.5277600000
11.5251700000
11.5231200000
11.5231200000
11.5206000000
11.5184800000
11.5166100000
11.5163500000
11.5137600000
11.5114000000
11.5098200000
11.5093200000
11.5068800000
11.5043700000
11.5028300000
11.5021400000
11.4995500000
11.4969600000
11.4954900000
11.4945900000
11.4920000000
11.4895600000
11.4884100000
11.4869400000
11.4845000000
11.4819000000
11.4810000000
11.4795500000
11.4769600000
11.4743700000
11.4738000000
11.4738000000
11.4738000000
11.4738000000
11.4738000000
11.4738000000
11.4738000000
11.4738000000
11.4738000000
11.4738000000
11.4738000000
11.4738000000
11.4738000000
11.4738000000
11.4738000000
11.4738000000
11.4738000000
11.4738000000
11.4738000000
11.4738000000
11.4738000000
11.4738000000
11.4738000000
11.4738000000
11.4738000000
11.4738000000
11.4738000000
11.4738000000
11.4738000000
11.4738000000
11.4738000000
11.4738000000
11.4738000000
11.4738000000
11.4738000000
11.4738000000
11.4738000000
11.4738000000
11.4738000000
11.4738000000
11.4738000000
11.4738000000
11.4738000000
11.4738000000
11.4738000000
11.4738000000
11.4738000000
11.4738000000
11.4738000000
11.4738000000
11.4738000000
11.4738000000
11.4738000000
11.4738000000
11.4738000000
11.4738000000
11.4738000000
11.4738000000
11.4738000000
11.4738000000
11.4738000000
11.4738000000
11.4738000000
11.4738000000
11.4738000000
11.4738000000
11.4738000000
11.4738000000
11.4738000000
11.4738000000
11.4738000000
11.4738000000
11.4738000000
11.4738000000
11.4738000000
11.4738000000
11.4738000000
11.4738000000
11.4738000000
11.4738000000
11.4738000000
11.4738000000
11.4738000000
11.4738000000
11.4738000000
11.4738000000
11.4738000000
11.4738000000
11.4738000000
11.4738000000
11.4738000000
11.4738000000
11.4738000000
11.4738000000
11.4738000000
11.4738000000
11.4738000000
11.4738000000
11.4738000000
11.4738000000
11.4738000000
11.4738000000
11.4738000000
11.4738000000
11.4738000000
11.4738000000
11.4738000000
11.4738000000
11.4738000000
11.4738000000
11.4738000000
11.4738000000
11.4738000000
11.4738000000
11.4738000000
11.4738000000
11.4738000000
11.4738000000
11.4738000000
11.4738000000
11.4738000000
11.4738000000
11.4738000000
11.4738000000
11.4738000000
11.4738000000
11.4738000000
11.4738000000
11.4732100000
11.4732100000
11.4732100000
11.4732100000
11.4732100000
11.4732100000
11.4732100000
11.4732100000
11.4726400000
11.4726400000
11.4726400000
11.4726400000
11.4724900000
11.4724900000
11.4724900000
11.4724900000
11.4718900000
11.4718900000
11.4718900000
11.4718900000
11.4715400000
11.4715400000
11.4715400000
11.4715400000
11.4715400000
11.4715400000
11.4715400000
11.4712200000
11.4712100000
11.4712100000
11.4712100000
11.4712100000
11.4712100000
11.4712100000
11.4712100000
11.4707200000
11.4707200000
11.4707200000
11.4707200000
11.4697400000
11.4697400000
11.4697400000
11.4697400000
11.4689600000
11.4689600000
11.4689600000
11.4689200000
11.4674100000
11.4674100000
11.4674100000
11.4668600000
11.4648400000
11.4648400000
11.4648400000
11.4648400000
11.4632600000
11.4632600000
11.4632600000
11.4625100000
11.4606300000
11.4606300000
11.4606300000
11.4606300000
11.4579200000
11.4579200000
11.4579200000
11.4579200000
11.4554000000
11.4554000000
11.4554000000
11.4554000000
11.4530300000
11.4530300000
11.4530300000
11.4521900000
11.4498300000
11.4498300000
11.4498300000
11.4489000000
11.4469600000
11.4469600000
11.4469600000
11.4465000000
11.4446600000
11.4446600000
11.4446600000
11.4417700000
11.4399100000
11.4399100000
11.4398800000
11.4366000000
11.4355800000
11.4355800000
11.4348000000
11.4317900000
11.4306900000
11.4306900000
11.4298400000
11.4259800000
11.4252000000
11.4252000000
11.4246200000
11.4200400000
11.4195100000
11.4195100000
11.4178200000
11.4138500000
11.4135400000
11.4135400000
11.4121200000
11.4081900000
11.4080400000
11.4080400000
11.4069200000
11.4026600000
11.4026600000
11.4026600000
11.4006500000
11.3962400000
11.3962400000
11.3962400000
11.3946100000
11.3901500000
11.3901500000
11.3901500000
11.3877000000
11.3840800000
11.3840800000
11.3840800000
11.3810100000
11.3771200000
11.3771200000
11.3771200000
11.3736600000
11.3702100000
11.3702100000
11.3702100000
11.3660900000
11.3632700000
11.3632700000
11.3623400000
11.3581500000
11.3555800000
11.3555800000
11.3548000000
11.3499900000
11.3475500000
11.3475500000
11.3472400000
11.3426200000
11.3407600000
11.3407600000
11.3405600000
11.3355600000
11.3344100000
11.3344100000
11.3340000000
11.3291200000
11.3276400000
11.3276400000
11.3272400000
11.3220500000
11.3217500000
11.3217500000
11.3205900000
11.3157000000
11.3157000000
11.3157000000
11.3145600000
11.3102400000
11.3102400000
11.3102400000
11.3088700000
11.3045200000
11.3045200000
11.3045200000
11.3021900000
11.2986600000
11.2986600000
11.2983200000
11.2964500000
11.2933300000
11.2933300000
11.2923600000
11.2899000000
11.2868000000
11.2868000000
11.2860400000
11.2833100000
11.2809400000
11.2809400000
11.2801800000
11.2774800000
11.2752100000
11.2752100000
11.2748700000
11.2723100000
11.2700700000
11.2700700000
11.2700700000
11.2673000000
11.2656100000
11.2656100000
11.2655500000
11.2632400000
11.2616600000
11.2616600000
11.2610300000
11.2580100000
11.2567300000
11.2567300000
11.2559100000
11.2533100000
11.2526200000
11.2526200000
11.2514200000
11.2476700000
11.2472700000
11.2472700000
11.2461400000
11.2427700000
11.2427700000
11.2427700000
11.2413900000
11.2375300000
11.2375300000
11.2375300000
11.2357900000
11.2330800000
11.2330800000
11.2330800000
11.2308000000
11.2278600000
11.2278600000
11.2278600000
11.2253300000
11.2226100000
11.2226100000
11.2226100000
11.2208300000
11.2190700000
11.2190700000
11.2190700000
11.2166100000
11.2150100000
11.2150100000
11.2150100000
11.2121900000
11.2109100000
11.2109100000
11.2109100000
11.2079500000
11.2064800000
11.2064800000
11.2064800000
11.2042700000
11.2034800000
11.2034800000
11.2034800000
11.2011900000
11.2007000000
11.2007000000
11.2007000000
11.1975300000
11.1972700000
11.1972700000
11.1972700000
11.1942900000
11.1939500000
11.1939500000
11.1939500000
11.1908700000
11.1907000000
11.1907000000
11.1906300000
11.1871000000
11.1870600000
11.1870600000
11.1870600000
11.1838500000
11.1838500000
11.1838500000
11.1830400000
11.1796900000
11.1796900000
11.1796900000
11.1791700000
11.1761500000
11.1761500000
11.1761500000
11.1758900000
11.1735500000
11.1735500000
11.1735500000
11.1718900000
11.1697200000
11.1697200000
11.1697200000
11.1682600000
11.1659200000
11.1659200000
11.1659200000
11.1646900000
11.1633900000
11.1633900000
11.1633900000
11.1611900000
11.1604900000
11.1604900000
11.1604900000
11.1575200000
11.1575200000
11.1575200000
11.1575200000
11.1557800000
11.1554400000
11.1554400000
11.1554400000
11.1521300000
11.1521300000
11.1521300000
11.1521300000
11.1488000000
11.1488000000
11.1488000000
11.1488000000
11.1456900000
11.1456900000
11.1456900000
11.1456900000
11.1421800000
244.8577000000
244.8575000000
244.8577000000
244.8607000000
244.8605000000
244.8604000000
244.8607000000
244.8640000000
244.8638000000
244.8637000000
244.8646000000
244.8680000000
244.8677000000
244.8676000000
244.8688000000
244.8717000000
244.8715000000
244.8714000000
244.8726000000
244.8748000000
244.8746000000
244.8745000000
244.8766000000
244.8793000000
244.8790000000
244.8790000000
244.8811000000
244.8834000000
244.8831000000
244.8831000000
244.8844000000
244.8865000000
244.8863000000
244.8863000000
244.8886000000
244.8900000000
244.8898000000
244.8898000000
244.8919000000
244.8924000000
244.8921000000
244.8921000000
244.8936000000
11.1055300000
11.1035000000
11.1013200000
11.0984100000
11.0963900000
11.0944500000
11.0920900000
11.0890900000
11.0873100000
11.0851700000
11.0827800000
11.0800000000
11.0781100000
11.0759900000
11.0737200000
11.0707800000
11.0689500000
11.0669200000
11.0645000000
11.0616100000
11.0597800000
11.0575400000
11.0551200000
11.0523600000
11.0504300000
11.0481700000
11.0458700000
11.0430600000
11.0410700000
11.0389500000
11.0364400000
11.0337600000
11.0319600000
11.0297000000
11.0272400000
11.0248400000
11.0228500000
11.0206200000
11.0183000000
11.0158300000
11.0137500000
11.0116600000
11.0091100000
11.0067500000
11.0047900000
11.0026100000
11.0000200000
10.9977900000
10.9957000000
10.9934100000
10.9910000000
10.9887100000
10.9865800000
10.9844600000
10.9818400000
10.9796000000
10.9776300000
10.9754000000
10.9726500000
10.9706500000
10.9685900000
10.9662200000
10.9637700000
10.9616700000
10.9597000000
10.9577100000
10.9551400000
10.9530100000
10.9510100000
10.9488200000
10.9465300000
10.9445800000
10.9425200000
10.9402200000
10.9380400000
10.9359200000
10.9339800000
10.9317300000
10.9295300000
10.9274300000
10.9255300000
10.9231200000
10.9209300000
10.9190700000
10.9169800000
10.9147400000
10.9128200000
10.9107700000
10.9088200000
10.9066400000
10.9045800000
10.9026300000
10.9007400000
10.8983900000
10.8963500000
10.8945200000
10.8924400000
10.8901700000
10.8882800000
10.8863000000
10.8842200000
10.8821900000
10.8801600000
10.8781000000
10.8762600000
10.8742000000
10.8721500000
10.8702500000
10.8683100000
10.8663400000
10.8644200000
10.8624100000
10.8604600000
10.8586000000
10.8566000000
10.8546500000
10.8528200000
10.8508200000
10.8488600000
10.8470200000
10.8450800000
10.8430500000
10.8410800000
10.8391400000
10.8371600000
10.8353000000
10.8326500000
10.8301900000
10.8283800000
10.8261800000
10.8236000000
10.8215900000
10.8198000000
10.8173000000
10.8149500000
10.8127900000
10.8110600000
10.8086200000
10.8063400000
10.8043100000
10.8025900000
10.8001100000
10.7979700000
10.7963600000
10.7946500000
10.7920300000
10.7903500000
10.7884500000
10.7868200000
10.7843700000
10.7824100000
10.7805300000
10.7790500000
10.7766500000
10.7747200000
10.7731900000
10.7717000000
10.7691300000
10.7673100000
10.7658000000
10.7644200000
10.7618900000
10.7599400000
10.7585000000
10.7572800000
10.7547100000
10.7528200000
10.7514700000
10.7500600000
10.7474700000
10.7457300000
10.7444300000
10.7426800000
10.7403800000
10.7384800000
10.7371800000
10.7354800000
10.7332500000
10.7313900000
10.7301700000
10.7281500000
10.7259400000
10.7243300000
10.7230400000
10.7208100000
10.7188000000
10.7170600000
10.7157600000
10.7138100000
10.7118800000
10.7104100000
10.7091900000
10.7068100000
10.7050200000
10.7036100000
10.7023100000
10.6995500000
10.6981700000
10.6966600000
10.6953600000
10.6925600000
10.6910700000
10.6897800000
10.6885100000
10.6855300000
10.6842300000
10.6830100000
10.6817100000
10.6787300000
10.6775100000
10.6762200000
10.6746600000
10.6726300000
10.6712800000
10.6699800000
10.6685000000
10.6663600000
10.6649900000
10.6637700000
10.6621600000
10.6600900000
10.6587400000
10.6574400000
10.6557700000
10.6539600000
10.6524400000
10.6511400000
10.6494100000
10.6475300000
10.6461300000
10.6449100000
10.6429800000
10.6412000000
10.6397900000
10.6384900000
10.6364700000
10.6349100000
10.6334200000
10.6321300000
10.6301300000
10.6284500000
10.6269100000
10.6256900000
10.6236600000
10.6222500000
10.6210300000
10.6197300000
10.6175200000
10.6162000000
10.6147000000
10.6129300000
10.6104900000
10.6078900000
10.6053000000
10.6031200000
10.6005200000
10.5979300000
10.5957800000
10.5938600000
10.5912700000
10.5888300000
10.5867200000
10.5846900000
10.5822400000
10.5796500000
10.5778900000
10.5759300000
10.5733300000
10.5707400000
10.5694400000
10.5671800000
10.5645900000
10.5621500000
10.5608800000
10.5583000000
10.5558600000
10.5532700000
10.5523500000
10.5499100000
10.5473200000
10.5447200000
10.5437800000
10.5411800000
10.5385900000
10.5361500000
10.5352200000
10.5326200000
10.5301800000
10.5275900000
10.5269100000
10.5244700000
10.5218700000
10.5195500000
10.5188500000
10.5162600000
10.5136600000
10.5116600000
10.5110900000
10.5085000000
10.5060600000
10.5041300000
10.5032700000
10.5008200000
10.4982300000
10.4966300000
10.4952200000
10.4926300000
10.4900400000
10.4889900000
10.4873800000
10.4847900000
10.4823500000
10.4814500000
10.4792900000
10.4768400000
10.4742500000
10.4736900000
10.4714700000
10.4688800000
10.4663200000
10.4659700000
10.4636500000
10.4610500000
10.4587500000
10.4584500000
10.4560000000
10.4536800000
10.4514200000
10.4513400000
10.4489000000
10.4463000000
10.4441700000
10.4438000000
10.4412100000
10.4386400000
10.4368100000
10.4362000000
10.4336000000
10.4312900000
10.4296000000
10.4288800000
10.4264400000
10.4241000000
10.4229100000
10.4220600000
10.4194600000
10.4177800000
10.4171400000
10.4160900000
10.4135000000
10.4117200000
10.4114200000
10.4100900000
10.4076500000
10.4056100000
10.4053800000
10.4038800000
10.4012800000
10.3995700000
10.3995700000
10.3979000000
10.3953000000
10.3939100000
10.3939100000
10.3920500000
10.3896100000
10.3882700000
10.3882700000
10.3864200000
10.3838300000
10.3826800000
10.3826800000
10.3809100000
10.3783100000
10.3771000000
10.3771000000
10.3746200000
10.3720200000
10.3710400000
10.3708300000
10.3688400000
10.3659700000
10.3652900000
10.3648300000
10.3628900000
10.3602100000
10.3597300000
10.3595600000
10.3570600000
10.3546100000
10.3542000000
10.3538900000
10.3515100000
10.3488000000
10.3481600000
10.3472200000
10.3446300000
10.3422300000
10.3420300000
10.3407200000
10.3383700000
10.3363600000
10.3363600000
10.3348300000
10.3325300000
10.3308300000
10.3307200000
10.3289300000
10.3266100000
10.3253300000
10.3253300000
10.3233300000
10.3208800000
10.3198800000
10.3198800000
10.3183600000
10.3160300000
10.3150600000
10.3150600000
10.3134900000
10.3110400000
10.3103900000
10.3103900000
10.3090200000
10.3063800000
10.3058300000
10.3058300000
10.3041900000
10.3016300000
10.3014100000
10.3014100000
10.2997100000
10.2969100000
10.2968500000
10.2968500000
10.2948500000
10.2923400000
10.2923400000
10.2923400000
10.2902300000
10.2879700000
10.2879700000
10.2878000000
10.2852400000
10.2827800000
10.2827800000
10.2827800000
10.2803200000
10.2785300000
10.2785300000
10.2785300000
10.2763300000
10.2742100000
10.2742100000
10.2741200000
10.2722900000
10.2700800000
10.2700800000
10.2700800000
10.2681000000
10.2657200000
10.2657200000
10.2657200000
10.2637000000
10.2623400000
10.2623400000
10.2623400000
10.2603500000
10.2592300000
10.2591900000
10.2591900000
10.2569900000
10.2565800000
10.2563600000
10.2561000000
10.2536200000
10.2536200000
10.2533700000
10.2531800000
10.2510500000
10.2510500000
10.2510100000
10.2507900000
10.2487000000
10.2487000000
10.2485900000
10.2477200000
10.2458000000
10.2458000000
10.2455500000
10.2446600000
10.2428100000
10.2428100000
10.2424000000
10.2418700000
10.2400500000
10.2400500000
10.2396200000
10.2388200000
10.2373000000
10.2372900000
10.2372900000
10.2372900000
10.2372900000
10.2372900000
10.2372900000
10.2372900000
10.2372900000
10.2372900000
10.2372900000
10.2372900000
10.2372900000
10.2372900000
10.2372900000
10.2372900000
10.2372900000
10.2372900000
10.2372900000
10.2372900000
10.2372900000
10.2372900000
10.2372900000
10.2372900000
10.2372900000
10.2372900000
10.2372900000
10.2372900000
10.2372900000
10.2372900000
10.2372900000
10.2372900000
10.2372900000
10.2372900000
10.2372900000
10.2372900000
10.2372900000
10.2372900000
10.2372900000
10.2372900000
10.2372900000
10.2372900000
10.2372900000
10.2372900000
10.2372900000
10.2372900000
10.2372900000
10.2372900000
10.2372900000
10.2372900000
10.2372900000
10.2372900000
10.2372900000
10.2372900000
10.2372900000
10.2372900000
10.2372900000
10.2372900000
10.2372900000
10.2372900000
10.2372900000
10.2372900000
10.2372900000
10.2372900000
10.2372900000
10.2372900000
10.2372900000
10.2372900000
10.2372900000
10.2372900000
10.2372900000
10.2372900000
10.2372900000
10.2372900000
10.2372900000
10.2372900000
10.2372900000
10.2372900000
10.2372900000
10.2372900000
10.2372900000
10.2372900000
10.2372900000
10.2372900000
10.2372900000
10.2372900000
10.2372900000
10.2372900000
10.2372900000
10.2372900000
10.2372900000
10.2372900000
10.2372900000
10.2372900000
10.2372900000
10.2372900000
10.2372900000
10.2372900000
10.2372900000
10.2372900000
10.2372900000
10.2372900000
10.2372900000
10.2372900000
10.2372900000
10.2372900000
10.2372900000
10.2372900000
10.2372900000
10.2372900000
10.2372900000
10.2372900000
10.2372900000
10.2372900000
10.2372900000
10.2372900000
10.2372900000
10.2372900000
10.2372900000
10.2372900000
10.2372900000
10.2372900000
10.2372900000
10.2372900000
10.2372900000
10.2372900000
10.2372900000
10.2372900000
10.2372900000
10.2372900000
10.2372900000
10.2372900000
10.2372900000
10.2372900000
10.2372900000
10.2372900000
10.2372900000
10.2372900000
10.2372900000
10.2372900000
10.2372900000
10.2372900000
10.2372900000
10.2372900000
10.2372900000
10.2372900000
10.2372900000
10.2372900000
10.2372900000
10.2372900000
10.2372900000
10.2372900000
10.2372900000
10.2372900000
10.2372900000
10.2372900000
10.2372900000
10.2372900000
10.2372900000
10.2372900000
10.2372900000
10.2372900000
10.2372900000
10.2372900000
10.2372900000
10.2372900000
10.2372900000
10.2372900000
10.2372900000
10.2372900000
10.2372900000
10.2372900000
10.2372900000
10.2372900000
10.2372900000
10.2372900000
10.2372900000
10.2372900000
10.2372900000
10.2372900000
10.2372900000
10.2372900000
10.2372900000
10.2372900000
10.2372900000
10.2372900000
10.2372900000
10.2372900000
10.2372900000
10.2372900000
10.2372900000
10.2372900000
10.2372900000
10.2372900000
10.2372900000
10.2372900000
10.2372900000
10.2372900000
10.2372900000
10.2372900000
10.2372900000
10.2372900000
10.2372900000
10.2372900000
10.2372900000
10.2372900000
10.2372900000
10.2372900000
10.2372900000
10.2372900000
10.2372900000
10.2372900000
10.2372900000
10.2372900000
10.2372900000
10.2372900000
10.2372900000
10.2372900000
10.2372900000
10.2372900000
10.2372900000
10.2372900000
10.2372900000
10.2372900000
10.2372900000
10.2372900000
10.2372900000
10.2372900000
10.2372900000
10.2372900000
10.2372900000
10.2372900000
10.2372900000
10.2372900000
10.2372900000
10.2372900000
10.2372900000
10.2372900000
10.2372900000
10.2372900000
10.2372900000
10.2372900000
10.2372900000
10.2372900000
10.2372900000
10.2372900000
10.2372900000
10.2372900000
10.2372900000
10.2372900000
10.2372900000
10.2372900000
10.2372900000
10.2372900000
10.2372900000
10.2372900000
10.2372900000
10.2372900000
10.2372900000
10.2372900000
10.2372900000
10.2372900000
10.2372900000
10.2372900000
10.2372900000
10.2372900000
10.2372900000
10.2372900000
10.2372900000
10.2372900000
10.2372900000
10.2372900000
10.2372900000
10.2372900000
10.2372900000
10.2372900000
10.2372900000
10.2372900000
10.2372900000
10.2372900000
10.2372900000
10.2372900000
10.2372900000
10.2372900000
10.2372900000
10.2372900000
10.2372900000
10.2372900000
10.2372900000
10.2372900000
10.2372900000
10.2372900000
10.2372900000
10.2372900000
10.2372900000
10.2372900000
10.2372900000
10.2372900000
10.2372900000
10.2372900000
10.2372900000
10.2372900000
10.2372900000
10.2372900000
10.2372900000
10.2372900000
10.2372900000
10.2372900000
10.2372900000
10.2372900000
10.2372900000
10.2372900000
10.2372900000
10.2372900000
10.2372900000
10.2372900000
10.2372900000
10.2372900000
10.2372900000
10.2372900000
10.2372900000
10.2372900000
10.2372900000
10.2372900000
10.2372900000
10.2372900000
10.2372900000
10.2372900000
10.2372900000
10.2372900000
10.2372900000
10.2372900000
10.2372900000
10.2372900000
10.2372900000
10.2372900000
10.2372900000
10.2372900000
10.2372900000
10.2372900000
10.2372900000
10.2372900000
10.2372900000
10.2372900000
10.2372900000
10.2372900000
10.2372900000
10.2372900000
10.2372900000
10.2372900000
10.2372900000
10.2372900000
10.2372900000
10.2372900000
10.2372900000
10.2372900000
10.2372900000
10.2372900000
10.2372900000
10.2372900000
10.2372900000
10.2372900000
10.2372900000
10.2372900000
10.2372900000
10.2372900000
10.2372900000
10.2372900000
10.2372900000
10.2372900000
10.2372900000
10.2372900000
10.2372900000
10.2372900000
10.2372900000
10.2372900000
10.2372900000
10.2372900000
10.2372900000
10.2372900000
10.2372900000
10.2372900000
10.2372900000
10.2372900000
10.2372900000
10.2372900000
10.2372900000
10.2372900000
10.2372900000
10.2372900000
10.2372900000
10.2372900000
10.2372900000
10.2372900000
10.2372900000
10.2372900000
10.2372900000
10.2372900000
10.2372900000
10.2372900000
10.2372900000
10.2372900000
10.2372900000
10.2372900000
10.2372900000
10.2372900000
10.2372900000
10.2372900000
10.2372900000
10.2372900000
10.2372900000
10.2372900000
10.2372900000
10.2372900000
10.2372900000
10.2372900000
10.2372900000
10.2372900000
10.2372900000
10.2372900000
10.2372900000
10.2372900000
10.2372900000
10.2372900000
10.2372900000
10.2372900000
10.2372900000
10.2372900000
10.2372900000
10.2372900000
10.2372900000
10.2372900000
10.2372900000
10.2372900000
10.2372900000
10.2372900000
10.2372900000
10.2372900000
10.2372900000
10.2372900000
10.2372900000
10.2372900000
10.2372900000
10.2372900000
10.2372900000
10.2372900000
10.2372900000
10.2372900000
10.2372900000
10.2372900000
10.2372900000
10.2372900000
10.2372900000
10.2372900000
10.2372900000
10.2372900000
10.2372900000
10.2372900000
10.2372900000
10.2372900000
10.2372900000
10.2372900000
10.2372900000
10.2372900000
245.7628000000
245.7634000000
245.7640000000
245.7649000000
245.7660000000
245.7665000000
245.7672000000
245.7681000000
245.7691000000
245.7697000000
245.7704000000
245.7713000000
245.7723000000
245.7729000000
245.7735000000
245.7745000000
245.7755000000
245.7760000000
245.7767000000
245.7776000000
245.7786000000
245.7792000000
245.7799000000
245.7808000000
245.7818000000
245.7823000000
245.7830000000
245.7839000000
245.7849000000
245.7854000000
245.7861000000
245.7871000000
245.7879000000
245.7885000000
245.7893000000
245.7903000000
245.7911000000
245.7916000000
245.7924000000
245.7935000000
245.7943000000
10.2044300000
10.2023800000
10.1998400000
10.1984100000
10.1970000000
10.1949200000
10.1925200000
10.1910900000
10.1895400000
10.1875700000
10.1850100000
10.1837000000
10.1821800000
10.1800700000
10.1774800000
10.1763300000
10.1746500000
10.1725500000
10.1701200000
10.1689200000
10.1672200000
10.1652300000
10.1627200000
10.1615100000
10.1599900000
10.1578800000
10.1553800000
10.1542600000
10.1526500000
10.1505300000
10.1482700000
10.1470800000
10.1454500000
10.1433900000
10.1411300000
10.1399100000
10.1383100000
10.1361000000
10.1339400000
10.1327800000
10.1309800000
10.1286800000
10.1267000000
10.1254500000
10.1236200000
10.1215100000
10.1195400000
10.1182200000
10.1164100000
10.1141600000
10.1123800000
10.1111300000
10.1092900000
10.1071000000
10.1055200000
10.1041100000
10.1022100000
10.1000700000
10.0984400000
10.0970000000
10.0951600000
10.0928200000
10.0912800000
10.0898800000
10.0879300000
10.0854500000
10.0841500000
10.0827100000
10.0807300000
10.0784300000
10.0770500000
10.0755400000
10.0737000000
10.0713100000
10.0700100000
10.0685400000
10.0665600000
10.0641700000
10.0629600000
10.0614500000
10.0594600000
10.0572000000
10.0558300000
10.0543200000
10.0524200000
10.0500300000
10.0486200000
10.0467600000
10.0444100000
10.0420900000
10.0406500000
10.0385500000
10.0361100000
10.0339500000
10.0322200000
10.0301900000
10.0279000000
10.0256900000
10.0239500000
10.0219500000
10.0194800000
10.0173900000
10.0157000000
10.0136000000
10.0111200000
10.0092300000
10.0074000000
10.0053000000
10.0029500000
10.0009800000
9.9988920000
9.9969010000
9.9944130000
9.9924560000
9.9904370000
9.9883160000
9.9858230000
9.9840090000
9.9819240000
9.9798620000
9.9775010000
9.9755590000
9.9735130000
9.9715160000
9.9690990000
9.9673610000
9.9649200000
9.9623260000
9.9597320000
9.9579730000
9.9554330000
9.9528390000
9.9504130000
9.9482880000
9.9456940000
9.9432530000
9.9407200000
9.9388160000
9.9364010000
9.9338070000
9.9312670000
9.9291570000
9.9266470000
9.9240530000
9.9216730000
9.9191740000
9.9166180000
9.9141770000
9.9117320000
9.9094160000
9.9069750000
9.9043810000
9.9019360000
9.8997120000
9.8971710000
9.8945770000
9.8924330000
9.8899460000
9.8875690000
9.8851280000
9.8828350000
9.8804240000
9.8781740000
9.8755800000
9.8733250000
9.8710400000
9.8685300000
9.8659360000
9.8637540000
9.8613850000
9.8590350000
9.8565940000
9.8541790000
9.8518680000
9.8498000000
9.8472060000
9.8447150000
9.8424680000
9.8401910000
9.8375970000
9.8352890000
9.8330730000
9.8307300000
9.8285600000
9.8260920000
9.8239630000
9.8216440000
9.8192250000
9.8168560000
9.8147050000
9.8124470000
9.8100240000
9.8078800000
9.8055530000
9.8030890000
9.8009610000
9.7986950000
9.7967030000
9.7945180000
9.7922330000
9.7896580000
9.7877430000
9.7854610000
9.7834820000
9.7812390000
9.7792590000
9.7770460000
9.7750400000
9.7727050000
9.7708400000
9.7688560000
9.7667430000
9.7647930000
9.7635730000
9.7622760000
9.7611200000
9.7598990000
9.7586020000
9.7573170000
9.7560960000
9.7547990000
9.7535020000
9.7523800000
9.7510950000
9.7497980000
9.7485770000
9.7473640000
9.7461590000
9.7449380000
9.7436410000
9.7425420000
9.7415080000
9.7402110000
9.7389140000
9.7380940000
9.7368240000
9.7355270000
9.7343060000
9.7335320000
9.7322350000
9.7310140000
9.7297170000
9.7289280000
9.7277070000
9.7264100000
9.7251130000
9.7243500000
9.7230530000
9.7217560000
9.7205350000
9.7199780000
9.7197490000
9.7197490000
9.7197490000
9.7197490000
9.7196880000
9.7196880000
9.7196880000
9.7196880000
9.7195740000
9.7195740000
9.7195740000
9.7195740000
9.7192310000
9.7192310000
9.7192310000
9.7192310000
9.7188870000
9.7188870000
9.7188870000
9.7188870000
9.7186200000
9.7186200000
9.7186200000
9.7186050000
9.7184370000
9.7184370000
9.7184370000
9.7184370000
9.7180710000
9.7180710000
9.7180710000
9.7178960000
9.7176740000
9.7176740000
9.7176740000
9.7173840000
9.7171550000
9.7171550000
9.7171550000
9.7168810000
9.7167430000
9.7167430000
9.7167430000
9.7165150000
9.7165150000
9.7165150000
9.7165150000
9.7161180000
9.7161180000
9.7161180000
9.7161180000
9.7157520000
9.7157520000
9.7157520000
9.7157520000
9.7152400000
9.7152400000
9.7152400000
9.7152400000
9.7147220000
9.7147220000
9.7147220000
9.7147220000
9.7143330000
9.7143330000
9.7143330000
9.7143330000
9.7140730000
9.7140730000
9.7140730000
9.7140730000
9.7137220000
9.7137220000
9.7137220000
9.7137220000
9.7131880000
9.7131880000
9.7131880000
9.7130510000
9.7125930000
9.7125930000
9.7125930000
9.7123110000
9.7119370000
9.7119370000
9.7119370000
9.7115020000
9.7114330000
9.7114330000
9.7114330000
9.7109910000
9.7106700000
9.7106700000
9.7106700000
9.7103650000
9.7099530000
9.7099530000
9.7099530000
9.7095110000
9.7092130000
9.7092130000
9.7092130000
9.7083590000
9.7083050000
9.7083050000
9.7083050000
9.7074510000
9.7074510000
9.7074510000
9.7074510000
9.7068250000
9.7068250000
9.7068250000
9.7068250000
9.7060010000
9.7060010000
9.7060010000
9.7060010000
9.7052310000
9.7052310000
9.7052310000
9.7052310000
9.7046740000
9.7046740000
9.7046740000
9.7046740000
9.7038270000
9.7038270000
9.7038270000
9.7038270000
9.7032170000
9.7032170000
9.7032170000
9.7032170000
9.7026290000
9.7026290000
9.7026290000
9.7024310000
9.7016910000
9.7016910000
