15.0000000000
14.9999400000
14.9924400000
14.9767300000
14.9558300000
14.9327000000
14.9056600000
14.8768500000
14.8483800000
14.8170800000
14.7848100000
14.7534900000
14.7198500000
14.6855400000
14.6527500000
14.6173500000
14.5813300000
14.5474300000
14.5111700000
14.4743900000
14.4396000000
14.4025300000
14.3653600000
14.3299500000
14.2920700000
14.2537600000
14.2178700000
14.1796600000
14.1411700000
14.1047600000
14.0659200000
14.0270900000
13.9907700000
13.9516700000
13.9123700000
13.8754400000
13.8360900000
13.7963300000
13.7594000000
13.7201100000
13.6804100000
13.6425700000
13.6033100000
13.5638700000
13.5260300000
13.4858200000
13.4462300000
13.4093200000
13.3694600000
13.3292600000
13.2914200000
13.2517300000
13.2125200000
13.1746000000
13.1346300000
13.0946200000
13.0567900000
13.0167900000
12.9771100000
12.9404600000
12.9014400000
12.8618000000
12.8240800000
12.7841300000
12.7452200000
12.7086000000
12.6696900000
12.6307800000
12.5941600000
12.5559800000
12.5183700000
12.4829700000
12.4453600000
12.4077500000
12.3725900000
12.3355900000
12.2981300000
12.2639500000
12.2276300000
12.1913100000
12.1570700000
12.1210900000
12.0860700000
12.0531100000
12.0180900000
11.9830700000
11.9501600000
11.9162900000
11.8825700000
11.8508300000
11.8171100000
11.7833900000
11.7517000000
11.7190600000
11.6856000000
11.6550900000
11.6229200000
11.5912400000
11.5607200000
11.5288300000
11.4985900000
11.4704700000
11.4400300000
11.4096600000
11.3815900000
11.3517600000
11.3219300000
11.2938500000
11.2651300000
11.2366000000
11.2097400000
11.1812100000
11.1532100000
11.1265100000
11.0980800000
11.0699800000
11.0444600000
11.0182400000
10.9920800000
10.9666500000
10.9407100000
10.9147700000
10.8903500000
10.8644100000
10.8385800000
10.8141700000
10.7882300000
10.7622900000
10.7378700000
10.7122200000
10.6888800000
10.6671900000
10.6443300000
10.6194500000
10.5977700000
10.5754200000
10.5530100000
10.5310400000
10.5088000000
10.4867600000
10.4660000000
10.4436600000
10.4215500000
10.4008000000
10.3787500000
10.3567000000
10.3359500000
10.3139900000
10.2919400000
10.2711900000
10.2491400000
10.2278100000
10.2071900000
10.1851400000
10.1630900000
10.1432800000
10.1215400000
10.0998300000
10.0790700000
10.0590200000
10.0387100000
10.0191800000
9.9978980000
9.9781760000
9.9610860000
9.9429280000
9.9242210000
9.9067690000
9.8886110000
9.8704530000
9.8533630000
9.8352050000
9.8170470000
9.7999570000
9.7817990000
9.7636410000
9.7465520000
9.7283940000
9.7102360000
9.6931460000
9.6749880000
9.6568300000
9.6397400000
9.6215820000
9.6034240000
9.5863340000
9.5681760000
9.5500180000
9.5329280000
9.5147710000
9.4972610000
9.4801940000
9.4616850000
9.4453130000
9.4306640000
9.4151000000
9.3970870000
9.3802030000
9.3646390000
9.3477400000
9.3306500000
9.3124920000
9.2947620000
9.2776720000
9.2595140000
9.2413560000
9.2242660000
9.2061080000
9.1880040000
9.1717070000
9.1561430000
9.1405790000
9.1259310000
9.1103670000
9.0948030000
9.0796200000
9.0619740000
9.0438160000
9.0269930000
9.0088350000
8.9908910000
8.9753570000
8.9597930000
