15.0000000000
14.9999900000
14.9995100000
14.9987800000
14.9980200000
14.9974600000
14.9969800000
14.9965500000
14.9963200000
14.9959500000
14.9956400000
14.9954400000
14.9951100000
14.9949600000
14.9947300000
14.9945900000
14.9942700000
14.9940100000
14.9938500000
14.9935500000
14.9933200000
14.9932000000
14.9930000000
14.9926100000
14.9922000000
14.9919000000
14.9916200000
14.9912200000
14.9905400000
14.9899100000
14.9896700000
14.9891800000
14.9888000000
14.9882900000
14.9880800000
14.9877200000
14.9869300000
14.9863800000
14.9857800000
14.9848000000
14.9845400000
14.9842200000
14.9832700000
14.9827200000
14.9824000000
14.9817500000
14.9804600000
14.9801800000
14.9801800000
14.9799900000
14.9788200000
14.9778600000
14.9778300000
14.9778000000
14.9767300000
14.9754300000
14.9748600000
14.9748600000
14.9742300000
14.9730100000
14.9717100000
14.9710800000
14.9706300000
14.9695500000
14.9682600000
14.9670400000
14.9657600000
14.9655000000
14.9650800000
14.9638200000
14.9625200000
14.9613000000
14.9601400000
14.9595000000
14.9588800000
14.9580000000
14.9567000000
14.9554800000
14.9541800000
14.9528800000
14.9517400000
14.9505300000
14.9493500000
14.9489300000
14.9476700000
14.9464300000
14.9452800000
14.9439800000
14.9426900000
14.9414700000
14.9401700000
14.9388700000
14.9377200000
14.9366000000
14.9353000000
14.9345400000
14.9343100000
14.9335900000
14.9332300000
14.9322100000
14.9309200000
14.9297000000
14.9284000000
14.9271000000
14.9258800000
14.9245800000
14.9232900000
14.9220700000
14.9207700000
14.9194700000
14.9182500000
14.9169500000
14.9156600000
14.9144400000
14.9131400000
14.9124900000
14.9124900000
14.9124300000
14.9124300000
14.9124300000
14.9118900000
14.9114000000
14.9112500000
14.9106000000
14.9093500000
14.9081800000
14.9073600000
14.9062500000
14.9050300000
14.9037300000
14.9025300000
14.9013100000
14.9000200000
14.8987200000
14.8975800000
14.8962800000
14.8949800000
14.8937600000
14.8924600000
14.8911700000
14.8899500000
14.8886500000
14.8873500000
14.8861300000
14.8848300000
14.8835400000
14.8823200000
14.8810200000
14.8797200000
14.8785000000
14.8772000000
14.8759100000
14.8746900000
14.8733900000
14.8720900000
14.8708700000
14.8695800000
14.8682800000
14.8670600000
14.8657600000
14.8644600000
14.8632400000
14.8619500000
14.8606500000
14.8594300000
14.8581300000
14.8568300000
14.8556100000
14.8542800000
14.8529900000
14.8517600000
14.8501700000
14.8484800000
14.8471400000
14.8458400000
14.8433500000
14.8409100000
14.8383200000
14.8357200000
14.8332800000
14.8306900000
14.8280900000
14.8256500000
14.8230600000
14.8204700000
14.8180200000
14.8154300000
14.8128400000
14.8103900000
14.8078000000
14.8052100000
14.8027600000
14.8001700000
14.7975800000
14.7951400000
14.7925400000
14.7899500000
14.7875100000
14.7849100000
14.7823200000
14.7798800000
14.7772800000
14.7746900000
14.7722500000
14.7696500000
14.7670600000
14.7646200000
14.7620200000
14.7594300000
14.7569900000
14.7543900000
14.7518000000
14.7497100000
14.7471200000
14.7445200000
14.7420800000
14.7399400000
14.7379500000
14.7357000000
14.7331100000
14.7317200000
14.7300100000
14.7277100000
14.7251100000
14.7238100000
14.7226900000
14.7208100000
14.7183700000
14.7173500000
14.7165000000
14.7150800000
14.7124900000
14.7118500000
14.7117100000
14.7101400000
14.7075500000
14.7071600000
14.7069900000
14.7058300000
14.7038000000
14.7033600000
14.7033300000
14.7024200000
14.7000600000
14.6999800000
14.6999800000
14.6991700000
14.6968800000
14.6968800000
14.6968800000
14.6964900000
14.6947300000
14.6947300000
14.6947300000
14.6944200000
14.6927200000
14.6927200000
14.6927200000
14.6926700000
14.6913400000
14.6913400000
14.6913400000
14.6912200000
14.6899700000
14.6899700000
14.6899700000
14.6899500000
14.6890000000
14.6890000000
14.6890000000
14.6890000000
14.6882800000
14.6882800000
14.6882800000
14.6882800000
14.6878300000
14.6878300000
14.6878300000
14.6878300000
14.6872600000
14.6872600000
14.6872600000
14.6872600000
14.6870400000
14.6870400000
14.6870400000
14.6870400000
14.6868000000
14.6868000000
14.6868000000
14.6868000000
14.6867800000
14.6867800000
14.6867800000
14.6867800000
14.6867800000
14.6867800000
14.6867800000
14.6867800000
14.6867300000
14.6867300000
14.6867300000
14.6867300000
14.6867300000
14.6867300000
14.6867300000
14.6867300000
14.6867300000
14.6867300000
14.6867300000
14.6867300000
14.6867300000
14.6867300000
14.6867300000
14.6867300000
14.6867300000
14.6867300000
14.6867300000
14.6867300000
14.6867300000
14.6867300000
14.6867300000
14.6867300000
14.6867300000
14.6867300000
14.6867300000
14.6867300000
14.6867300000
14.6867300000
14.6867300000
14.6867300000
14.6867300000
14.6867300000
14.6867300000
14.6867300000
14.6867300000
14.6867300000
14.6867300000
14.6867300000
14.6867300000
14.6867300000
14.6867300000
14.6867300000
14.6867300000
14.6867300000
14.6867300000
14.6867300000
14.6867300000
14.6867300000
14.6867300000
14.6867300000
14.6867300000
14.6867300000
14.6867300000
14.6867300000
14.6867300000
14.6867300000
14.6867300000
14.6867300000
14.6867300000
14.6867300000
14.6867300000
14.6867300000
14.6867300000
14.6867300000
14.6867300000
14.6867300000
14.6867300000
14.6867300000
14.6867300000
14.6865500000
14.6841000000
14.6815100000
14.6789200000
14.6764800000
14.6738800000
14.6712900000
14.6688500000
14.6662500000
14.6636600000
14.6612200000
14.6586200000
14.6560300000
14.6535900000
14.6509900000
14.6484000000
14.6459600000
14.6433600000
14.6407700000
14.6383300000
14.6357300000
14.6331400000
14.6307000000
14.6281100000
14.6255100000
14.6230700000
14.6204800000
14.6178800000
14.6154400000
14.6128500000
14.6102500000
14.6078100000
14.6047400000
14.6021500000
14.5997100000
14.5970500000
14.5938500000
14.5914100000
14.5888100000
14.5862200000
14.5829500000
14.5803500000
14.5777600000
14.5753200000
14.5716200000
14.5688500000
14.5664100000
14.5637500000
14.5599200000
14.5571900000
14.5547800000
14.5515500000
14.5478100000
14.5447400000
14.5426600000
14.5397600000
14.5355000000
14.5322600000
14.5298200000
14.5252800000
14.5201000000
14.5152100000
14.5108600000
14.5056800000
14.5007900000
14.4959400000
14.4931600000
14.4890600000
14.4841000000
14.4796900000
14.4774800000
14.4731300000
14.4679400000
14.4643700000
14.4630600000
14.4588900000
14.4544100000
14.4508400000
14.4500100000
14.4467000000
14.4418800000
14.4390400000
14.4384300000
14.4362800000
14.4313500000
14.4300200000
14.4300200000
14.4275700000
14.4236800000
14.4227800000
14.4227800000
14.4212800000
14.4167800000
14.4159500000
14.4159500000
14.4142300000
14.4104300000
14.4104300000
14.4104300000
14.4086300000
14.4050800000
14.4048900000
14.4047500000
14.4036600000
14.4003300000
14.4003300000
14.4003300000
14.4002500000
14.3967700000
14.3967700000
14.3967700000
14.3961800000
14.3933400000
14.3933400000
14.3933400000
14.3931000000
14.3912800000
14.3912800000
14.3912800000
14.3910400000
14.3887600000
14.3887600000
14.3887600000
14.3880900000
14.3862800000
14.3862800000
14.3862800000
14.3861400000
14.3848700000
14.3848700000
14.3848700000
14.3846900000
14.3843800000
14.3843800000
14.3843800000
14.3839000000
14.3833300000
14.3833300000
14.3833300000
14.3827200000
14.3819400000
14.3819400000
14.3819400000
14.3808400000
14.3808400000
14.3808400000
14.3808400000
14.3799300000
14.3799300000
14.3799300000
14.3799300000
14.3798700000
14.3798700000
14.3798700000
14.3798700000
14.3788900000
14.3788900000
14.3788900000
14.3788900000
14.3781100000
14.3781100000
14.3781100000
14.3781100000
14.3771400000
14.3771400000
14.3771400000
14.3771400000
14.3761900000
14.3761900000
14.3761900000
14.3761900000
14.3757500000
14.3757500000
14.3757500000
14.3757500000
14.3744800000
14.3744800000
14.3744800000
14.3744800000
14.3736700000
14.3736700000
14.3736700000
14.3736700000
14.3731800000
14.3731800000
14.3731800000
14.3730600000
14.3724200000
14.3724200000
14.3724200000
14.3724200000
14.3716700000
14.3716700000
14.3716700000
14.3716700000
14.3716100000
14.3716100000
14.3716100000
14.3713800000
14.3713800000
14.3713800000
14.3713800000
14.3713800000
14.3707600000
14.3707600000
14.3707600000
14.3707600000
14.3707100000
14.3707100000
14.3707100000
14.3707100000
14.3707100000
14.3707100000
14.3707100000
14.3707100000
14.3707100000
14.3707100000
14.3707100000
14.3707100000
14.3707100000
14.3707100000
14.3707100000
14.3707100000
14.3707100000
14.3707100000
14.3707100000
14.3707100000
14.3707100000
14.3707100000
14.3707100000
14.3707100000
14.3707100000
14.3707100000
14.3707100000
14.3707100000
14.3707100000
14.3707100000
14.3707100000
14.3707100000
14.3707100000
14.3707100000
14.3707100000
14.3707100000
14.3707100000
14.3707100000
14.3707100000
14.3707100000
14.3707100000
14.3707100000
14.3707100000
14.3707100000
14.3707100000
14.3707100000
14.3707100000
14.3707100000
14.3707100000
14.3707100000
14.3707100000
14.3707100000
14.3707100000
14.3707100000
14.3707100000
14.3707100000
14.3707100000
14.3707100000
14.3707100000
14.3707100000
14.3707100000
14.3707100000
14.3707100000
14.3707100000
14.3707100000
14.3707100000
14.3707100000
14.3707100000
14.3707100000
14.3707100000
14.3707100000
14.3707100000
14.3707100000
14.3707100000
14.3707100000
14.3707100000
14.3707100000
14.3707100000
14.3707100000
14.3707100000
14.3707100000
14.3707100000
14.3707100000
14.3707100000
14.3707100000
14.3707100000
14.3707100000
14.3707100000
14.3707100000
14.3707100000
14.3707100000
14.3707100000
14.3707100000
14.3707100000
14.3707100000
14.3707100000
14.3707100000
14.3707100000
14.3707100000
14.3707100000
14.3707100000
14.3707100000
14.3707100000
14.3707100000
14.3707100000
14.3707100000
14.3707100000
14.3707100000
14.3707100000
14.3707100000
14.3707100000
14.3707100000
14.3707100000
14.3707100000
14.3707100000
14.3707100000
14.3707100000
14.3707100000
14.3707100000
14.3707100000
14.3707100000
14.3707100000
14.3707100000
14.3707100000
14.3707100000
14.3707100000
14.3707100000
14.3707100000
14.3707100000
14.3707100000
14.3707100000
14.3707100000
14.3707100000
14.3707100000
14.3707100000
14.3707100000
14.3707100000
14.3707100000
14.3707100000
14.3707100000
14.3707100000
14.3707100000
14.3707100000
14.3707100000
14.3707100000
14.3707100000
14.3707100000
14.3707100000
14.3707100000
14.3707100000
14.3707100000
14.3707100000
14.3707100000
14.3707100000
14.3707100000
14.3707100000
14.3707100000
14.3707100000
14.3707100000
14.3707100000
14.3707100000
14.3707100000
14.3707100000
14.3707100000
14.3707100000
14.3707100000
14.3707100000
14.3707100000
14.3707100000
14.3707100000
14.3707100000
14.3707100000
14.3707100000
14.3707100000
14.3707100000
14.3707100000
14.3707100000
14.3707100000
14.3707100000
14.3707100000
14.3707100000
14.3707100000
14.3707100000
14.3707100000
14.3707100000
14.3707100000
14.3707100000
14.3707100000
14.3707100000
14.3707100000
14.3707100000
14.3707100000
14.3707100000
14.3707100000
14.3707100000
14.3707100000
14.3707100000
14.3707100000
14.3707100000
14.3707100000
14.3707100000
14.3707100000
14.3707100000
14.3707100000
14.3707100000
14.3707100000
14.3707100000
14.3707100000
14.3707100000
14.3707100000
14.3707100000
14.3707100000
14.3707100000
14.3707100000
14.3707100000
14.3707100000
14.3707100000
14.3707100000
14.3707100000
14.3707100000
14.3707100000
14.3707100000
14.3707100000
14.3707100000
14.3707100000
14.3707100000
14.3707100000
14.3707100000
14.3707100000
14.3707100000
14.3707100000
14.3707100000
14.3707100000
14.3707100000
14.3707100000
14.3707100000
14.3707100000
14.3707100000
14.3707100000
14.3707100000
14.3707100000
14.3707100000
14.3707100000
14.3707100000
14.3707100000
14.3707100000
14.3707100000
14.3707100000
14.3707100000
14.3707100000
14.3707100000
14.3707100000
14.3707100000
14.3707100000
14.3707100000
14.3707100000
14.3707100000
14.3707100000
14.3707100000
14.3707100000
14.3707100000
14.3707100000
14.3707100000
14.3707100000
14.3707100000
14.3707100000
14.3707100000
14.3707100000
14.3707100000
14.3707100000
14.3707100000
14.3707100000
14.3707100000
14.3707100000
14.3707100000
14.3707100000
14.3707100000
14.3707100000
14.3707100000
14.3707100000
14.3707100000
14.3707100000
14.3707100000
14.3707100000
14.3707100000
14.3707100000
14.3707100000
14.3707100000
14.3707100000
14.3707100000
14.3707100000
14.3707100000
14.3707100000
14.3707100000
14.3707100000
14.3707100000
14.3707100000
14.3707100000
14.3707100000
241.6309000000
241.6327000000
241.6343000000
241.6362000000
241.6380000000
241.6396000000
241.6414000000
241.6433000000
241.6449000000
241.6466000000
241.6484000000
241.6502000000
241.6519000000
241.6536000000
241.6553000000
241.6571000000
241.6588000000
241.6604000000
241.6622000000
241.6640000000
241.6655000000
241.6673000000
241.6690000000
241.6707000000
241.6724000000
241.6741000000
241.6758000000
241.6776000000
241.6792000000
241.6808000000
241.6826000000
241.6844000000
241.6859000000
241.6876000000
241.6894000000
241.6910000000
241.6926000000
241.6943000000
241.6960000000
241.6978000000
241.6993000000
241.7009000000
241.7027000000
241.7044000000
241.7059000000
241.7076000000
241.7093000000
241.7109000000
241.7124000000
241.7141000000
241.7158000000
241.7176000000
241.7191000000
241.7207000000
241.7224000000
241.7241000000
14.2744200000
14.2727500000
14.2710200000
14.2694700000
14.2680900000
14.2664300000
14.2647600000
14.2631400000
14.2617100000
14.2600600000
14.2582800000
14.2566800000
14.2553200000
14.2536000000
14.2517800000
14.2502400000
14.2488000000
14.2471400000
14.2454300000
14.2438200000
14.2424000000
14.2408300000
14.2389800000
14.2375100000
14.2360600000
14.2344100000
14.2325400000
14.2311200000
14.2295600000
14.2278900000
14.2261500000
14.2246100000
14.2231100000
14.2215400000
14.2196800000
14.2183300000
14.2169000000
14.2151900000
14.2133000000
14.2121200000
14.2104500000
14.2087600000
14.2070100000
14.2055900000
14.2038800000
14.2023300000
14.2004700000
14.1990000000
14.1975100000
14.1957400000
14.1939500000
14.1926700000
14.1910000000
14.1892800000
14.1875200000
14.1861700000
14.1843900000
14.1828000000
14.1809500000
14.1795800000
14.1779800000
14.1762600000
14.1744600000
14.1730600000
14.1713400000
14.1694900000
14.1677200000
14.1662800000
14.1646300000
14.1629100000
14.1611400000
14.1598100000
14.1583800000
14.1569400000
14.1555100000
14.1541600000
14.1526600000
14.1512300000
14.1500500000
14.1485800000
14.1471300000
14.1457900000
14.1443600000
14.1428900000
14.1414800000
14.1400300000
14.1386700000
14.1372600000
14.1357500000
14.1343000000
14.1330800000
14.1315700000
14.1300300000
14.1287000000
14.1274300000
14.1258900000
14.1244300000
14.1229900000
14.1217200000
14.1202100000
14.1186700000
14.1172000000
14.1159600000
14.1144500000
14.1128900000
14.1115600000
14.1101900000
14.1085800000
14.1071100000
14.1056500000
14.1043000000
14.1027200000
14.1011200000
14.0996600000
14.0984100000
14.0967500000
14.0951700000
14.0938200000
14.0924600000
14.0908200000
14.0893100000
14.0878400000
14.0864900000
14.0849300000
14.0833400000
14.0819900000
14.0807500000
14.0793100000
14.0780100000
14.0767900000
14.0755000000
14.0740100000
14.0727800000
14.0714800000
14.0701800000
14.0689600000
14.0676600000
14.0662000000
14.0649800000
14.0635300000
14.0622400000
14.0608100000
14.0595200000
14.0582200000
14.0570000000
14.0555600000
14.0542600000
14.0530000000
14.0517000000
14.0502500000
14.0490300000
14.0477300000
14.0462700000
14.0449200000
14.0436200000
14.0423300000
14.0410200000
14.0395900000
14.0382900000
14.0370700000
14.0357700000
14.0344500000
14.0332300000
14.0319300000
14.0306400000
14.0292500000
14.0279500000
14.0266500000
14.0252900000
14.0239300000
14.0226300000
14.0213700000
14.0200300000
14.0186900000
14.0174700000
14.0160000000
14.0147000000
14.0133600000
14.0120300000
14.0105200000
14.0092500000
14.0077400000
14.0064400000
14.0050700000
14.0037000000
14.0021700000
14.0009500000
13.9995000000
13.9980900000
13.9966700000
13.9953800000
13.9938000000
13.9925100000
13.9908900000
13.9895900000
13.9881200000
13.9868300000
13.9850500000
13.9829700000
13.9808100000
13.9784700000
13.9767100000
13.9744300000
13.9723400000
13.9700500000
13.9682300000
13.9662400000
13.9642800000
13.9616800000
13.9598600000
13.9578300000
13.9556500000
13.9532100000
13.9514200000
13.9494600000
13.9472600000
13.9448200000
13.9431600000
13.9411500000
13.9388200000
13.9361500000
13.9343900000
13.9322900000
13.9299400000
13.9273400000
13.9257900000
13.9237800000
13.9213200000
13.9188800000
13.9172100000
13.9153100000
13.9130100000
13.9104200000
13.9088800000
13.9071800000
13.9047400000
13.9019500000
13.9001200000
13.8981900000
13.8958500000
13.8931900000
13.8917400000
13.8897200000
13.8876200000
13.8847400000
13.8831200000
13.8807200000
13.8785600000
13.8755800000
13.8739600000
13.8718600000
13.8698500000
13.8674100000
13.8660000000
13.8643600000
13.8624400000
13.8598500000
13.8587700000
13.8570900000
13.8553500000
13.8527800000
13.8518600000
13.8503600000
13.8485400000
13.8461300000
13.8452000000
13.8439200000
13.8420500000
13.8394900000
13.8383400000
13.8371300000
13.8351400000
13.8325500000
13.8316300000
13.8309300000
13.8289300000
13.8264800000
13.8256300000
13.8244600000
13.8223600000
13.8199400000
13.8195600000
13.8183700000
13.8161600000
13.8142800000
13.8140900000
13.8133100000
13.8109800000
13.8094000000
13.8092200000
13.8081200000
13.8059000000
13.8046300000
13.8045700000
13.8038300000
13.8015700000
13.8004700000
13.8004700000
13.7995500000
13.7972200000
13.7964100000
13.7962700000
13.7953400000
13.7929500000
13.7923800000
13.7922500000
13.7913100000
13.7887300000
13.7881700000
13.7879200000
13.7867900000
13.7846100000
13.7842700000
13.7842700000
13.7832800000
13.7810900000
13.7809400000
13.7801500000
13.7790100000
13.7767900000
13.7763000000
13.7756200000
13.7750100000
13.7725700000
13.7722500000
13.7713300000
13.7704000000
13.7683300000
13.7678500000
13.7671400000
13.7663800000
13.7641100000
13.7639000000
13.7632100000
13.7623700000
13.7600600000
13.7594700000
13.7586400000
13.7568500000
13.7544100000
13.7538800000
13.7531400000
13.7517900000
13.7494400000
13.7488800000
13.7487500000
13.7477200000
13.7456600000
13.7451200000
13.7449100000
13.7437400000
13.7416100000
13.7410000000
13.7408200000
13.7394000000
13.7374000000
13.7368500000
13.7367400000
13.7352400000
13.7333200000
13.7328200000
13.7328200000
13.7314500000
13.7296400000
13.7294200000
13.7294200000
13.7274800000
13.7257900000
13.7257900000
13.7257900000
13.7235100000
13.7220600000
13.7218800000
13.7218800000
13.7199400000
13.7191200000
13.7191200000
13.7191200000
13.7171400000
13.7163900000
13.7163900000
13.7163500000
13.7140100000
13.7135100000
13.7135100000
13.7131700000
13.7111800000
13.7110800000
13.7110800000
13.7107100000
13.7089400000
13.7087000000
13.7087000000
