20.0000000000
20.0000000000
20.0000000000
20.0000000000
20.0000000000
20.0000000000
19.9999900000
19.9999900000
19.9999900000
19.9999900000
19.9999900000
19.9999900000
19.9999900000
19.9999900000
19.9999900000
19.9999900000
19.9999800000
19.9999600000
19.9999200000
19.9998500000
19.9997200000
19.9995400000
19.9992700000
19.9989100000
19.9984600000
19.9979100000
19.9972700000
19.9965600000
19.9957900000
19.9950000000
19.9941800000
19.9933700000
19.9925800000
19.9918100000
19.9910800000
19.9903900000
19.9897400000
19.9891200000
19.9885200000
19.9879400000
19.9873700000
19.9868000000
19.9862500000
19.9857100000
19.9851900000
19.9847000000
19.9842400000
19.9838100000
19.9834200000
19.9830600000
19.9827400000
19.9824500000
19.9821800000
19.9819400000
19.9817200000
19.9815000000
19.9813000000
19.9810900000
19.9808800000
19.9806600000
19.9804300000
19.9801900000
19.9799500000
19.9796900000
19.9794100000
19.9791300000
19.9788300000
19.9785100000
19.9781800000
19.9778300000
19.9774600000
19.9770700000
19.9766600000
19.9762300000
19.9757800000
19.9753200000
19.9748400000
19.9743400000
19.9738200000
19.9732900000
19.9727500000
19.9721900000
19.9716300000
19.9710600000
19.9704800000
19.9698900000
19.9693000000
19.9686900000
19.9680900000
19.9674700000
19.9668600000
19.9662400000
19.9656100000
19.9649900000
19.9643700000
19.9637500000
19.9631200000
19.9625000000
19.9618800000
19.9612700000
19.9606600000
19.9600500000
19.9594400000
19.9588400000
19.9582300000
19.9576300000
19.9570200000
19.9564200000
19.9558100000
19.9552000000
19.9545900000
19.9539900000
19.9533700000
19.9527600000
19.9521400000
19.9515200000
19.9509000000
19.9502800000
19.9496600000
19.9490300000
19.9484000000
19.9477700000
19.9471400000
19.9465000000
19.9458700000
19.9452200000
19.9445800000
19.9439300000
19.9432800000
19.9426300000
19.9419700000
19.9413100000
19.9406500000
19.9399800000
19.9393000000
19.9386300000
19.9379500000
19.9372600000
19.9365700000
19.9358800000
19.9351800000
19.9344800000
19.9337700000
19.9330700000
19.9323600000
19.9316500000
19.9309300000
19.9302100000
19.9294800000
19.9287500000
19.9280300000
19.9272900000
19.9265600000
19.9258200000
19.9250800000
19.9243400000
19.9236000000
19.9228500000
19.9221000000
19.9213500000
19.9205900000
19.9198300000
19.9190700000
19.9183100000
19.9175400000
19.9167800000
19.9160100000
19.9152400000
19.9144600000
19.9136800000
19.9129000000
19.9121200000
19.9113300000
19.9105400000
19.9097500000
19.9089600000
19.9081600000
19.9073600000
19.9065600000
19.9057500000
19.9049500000
19.9041300000
19.9033200000
19.9025000000
19.9016900000
19.9008700000
19.9000400000
19.8992100000
19.8983900000
19.8975600000
19.8967200000
19.8958900000
19.8950500000
19.8942100000
19.8933700000
19.8925200000
19.8916700000
19.8908200000
19.8899700000
19.8891100000
19.8882500000
19.8873900000
19.8865200000
19.8856500000
19.8847800000
19.8839100000
19.8830300000
19.8821500000
19.8812700000
19.8803900000
19.8795000000
19.8786100000
19.8777200000
19.8768300000
19.8759300000
19.8750300000
19.8741300000
19.8732300000
19.8723200000
19.8714100000
19.8705000000
19.8695800000
19.8686600000
19.8677400000
19.8668100000
19.8658800000
19.8649500000
19.8640200000
19.8630800000
19.8621500000
19.8612100000
19.8602600000
19.8593200000
19.8583700000
19.8574200000
19.8564600000
19.8555100000
19.8545600000
19.8536000000
19.8526500000
19.8516900000
19.8507300000
19.8497700000
19.8488000000
19.8478400000
19.8468600000
19.8458900000
19.8449100000
19.8439300000
19.8429500000
19.8419600000
19.8409700000
19.8399800000
19.8389900000
19.8380000000
19.8370000000
19.8359900000
19.8349900000
19.8339800000
19.8329800000
19.8319600000
19.8309500000
19.8299300000
19.8289100000
19.8278900000
19.8268700000
19.8258500000
19.8248200000
19.8237900000
19.8227600000
19.8217200000
19.8206800000
19.8196400000
19.8186000000
19.8175600000
19.8165100000
19.8154600000
19.8144100000
19.8133600000
19.8123000000
19.8112400000
19.8101800000
19.8091100000
19.8080400000
19.8069700000
19.8058900000
19.8048100000
19.8037300000
19.8026400000
19.8015500000
19.8004600000
19.7993600000
19.7982600000
19.7971600000
19.7960600000
19.7949600000
19.7938500000
19.7927400000
19.7916300000
19.7905200000
19.7894000000
19.7882800000
19.7871600000
19.7860300000
19.7849000000
19.7837700000
19.7826400000
19.7815100000
19.7803700000
19.7792300000
19.7780900000
19.7769500000
19.7758100000
19.7746600000
19.7735100000
19.7723600000
19.7712000000
19.7700400000
19.7688800000
19.7677200000
19.7665500000
19.7653800000
19.7642100000
19.7630400000
19.7618600000
19.7606800000
19.7595000000
19.7583200000
19.7571300000
19.7559400000
19.7547500000
19.7535600000
19.7523600000
19.7511600000
19.7499600000
19.7487500000
19.7475400000
19.7463300000
19.7451200000
19.7439000000
19.7426800000
19.7414600000
19.7402400000
19.7390100000
19.7377900000
19.7365500000
19.7353200000
19.7340900000
19.7328500000
19.7316100000
19.7303600000
19.7291200000
19.7278700000
19.7266200000
19.7253700000
19.7241100000
19.7228500000
19.7216000000
19.7203400000
19.7190900000
19.7178200000
19.7165700000
19.7153000000
19.7140400000
19.7127700000
19.7115000000
19.7102200000
19.7089400000
19.7076700000
19.7063800000
19.7051000000
19.7038100000
19.7025300000
19.7012300000
19.6999400000
19.6986400000
19.6973400000
19.6960400000
19.6947400000
19.6934300000
19.6921300000
19.6908100000
19.6895100000
19.6882000000
19.6868900000
19.6855700000
19.6842600000
19.6829400000
19.6816300000
19.6803200000
19.6790100000
19.6777000000
19.6763900000
19.6750800000
19.6737800000
19.6724800000
19.6711800000
19.6698900000
19.6686000000
19.6673100000
19.6660200000
19.6647300000
19.6634400000
19.6621500000
19.6608600000
19.6595600000
19.6582600000
19.6569500000
19.6556300000
19.6543000000
19.6529700000
19.6516200000
19.6502600000
19.6489000000
19.6475100000
19.6461200000
19.6447200000
19.6433100000
19.6418800000
19.6404500000
19.6390000000
19.6375500000
19.6360900000
19.6346200000
19.6331500000
19.6316700000
19.6301900000
19.6287000000
19.6272100000
19.6257200000
19.6242300000
19.6227400000
19.6212400000
19.6197500000
19.6182600000
19.6167700000
19.6152800000
19.6138000000
19.6123100000
19.6108300000
19.6093500000
19.6078700000
19.6064000000
19.6049200000
19.6034400000
19.6019600000
19.6004800000
19.5989900000
19.5975100000
19.5960200000
19.5945300000
19.5930400000
19.5915500000
19.5900500000
19.5885500000
19.5870600000
19.5855500000
19.5840500000
19.5825400000
19.5810300000
19.5795200000
19.5780000000
19.5764700000
19.5749500000
19.5734100000
19.5718700000
19.5703300000
19.5687900000
19.5672400000
19.5656800000
19.5641200000
19.5625600000
19.5609800000
19.5594000000
19.5578200000
19.5562300000
19.5546300000
19.5530300000
19.5514300000
19.5498200000
19.5482200000
19.5466100000
19.5450100000
19.5434000000
19.5418000000
19.5402000000
19.5386000000
19.5370100000
19.5354100000
19.5338300000
19.5322400000
19.5306600000
19.5290900000
19.5275200000
19.5259500000
19.5243900000
19.5228300000
19.5212700000
19.5197200000
19.5181700000
19.5166200000
19.5150800000
19.5135300000
19.5119900000
19.5104400000
19.5089000000
19.5073500000
19.5058100000
19.5042600000
19.5027000000
19.5011400000
19.4995800000
19.4980100000
19.4964400000
19.4948600000
19.4932700000
19.4916700000
19.4900700000
19.4884600000
19.4868400000
19.4852200000
19.4835800000
19.4819400000
19.4802900000
19.4786300000
19.4769600000
19.4752900000
19.4736200000
19.4719300000
19.4702400000
19.4685400000
19.4668400000
19.4651300000
19.4634200000
19.4617000000
19.4599800000
19.4582600000
19.4565300000
19.4548000000
19.4530700000
19.4513300000
19.4495900000
19.4478500000
19.4461200000
19.4443800000
19.4426400000
19.4408900000
19.4391500000
19.4374100000
19.4356700000
19.4339200000
19.4321800000
19.4304300000
19.4286800000
19.4269400000
19.4251900000
19.4234400000
19.4217000000
19.4199500000
19.4182000000
19.4164500000
19.4147000000
19.4129400000
19.4111900000
19.4094300000
19.4076700000
19.4059100000
19.4041500000
19.4023900000
19.4006300000
19.3988600000
19.3971000000
19.3953400000
19.3935700000
19.3918000000
19.3900200000
19.3882400000
19.3864600000
19.3846700000
19.3828800000
19.3810900000
19.3792900000
19.3774900000
19.3756900000
19.3738800000
19.3720700000
19.3702500000
19.3684300000
19.3666100000
19.3647900000
19.3629600000
19.3611200000
19.3592800000
19.3574400000
19.3555900000
19.3537400000
19.3518800000
19.3500200000
19.3481600000
19.3462900000
19.3444200000
19.3425400000
19.3406700000
19.3388000000
19.3369300000
19.3350600000
19.3331900000
19.3313200000
19.3294500000
19.3275800000
19.3257000000
19.3238300000
19.3219500000
19.3200800000
19.3182000000
19.3163300000
19.3144500000
19.3125700000
19.3106900000
19.3088000000
19.3069100000
19.3050200000
19.3031300000
19.3012300000
19.2993300000
19.2974200000
19.2955100000
19.2936000000
19.2916900000
19.2897700000
19.2878500000
19.2859300000
19.2840100000
19.2820800000
19.2801600000
19.2782300000
19.2763000000
19.2743700000
19.2724400000
19.2705100000
19.2685800000
19.2666500000
19.2647100000
19.2627700000
19.2608400000
19.2588900000
19.2569500000
19.2550100000
19.2530600000
19.2511100000
19.2491600000
19.2472000000
19.2452300000
19.2432600000
19.2412900000
19.2393100000
19.2373200000
19.2353300000
19.2333400000
19.2313300000
19.2293300000
19.2273200000
19.2253100000
19.2233000000
19.2212900000
19.2192800000
19.2172700000
19.2152500000
19.2132400000
19.2112200000
19.2091900000
19.2071700000
19.2051400000
19.2031200000
19.2010900000
19.1990600000
19.1970300000
19.1950000000
19.1929700000
19.1909300000
19.1888900000
19.1868600000
19.1848100000
19.1827700000
19.1807300000
19.1786900000
19.1766400000
19.1745900000
19.1725400000
19.1704800000
19.1684300000
19.1663700000
19.1643100000
19.1622400000
19.1601800000
19.1581100000
19.1560400000
19.1539600000
19.1518800000
19.1498000000
19.1477200000
19.1456300000
19.1435500000
19.1414500000
19.1393500000
19.1372500000
19.1351500000
19.1330400000
19.1309300000
19.1288200000
19.1267100000
19.1245900000
19.1224700000
19.1203400000
19.1182200000
19.1160900000
19.1139500000
19.1118200000
19.1096800000
19.1075500000
19.1054100000
19.1032600000
19.1011200000
19.0989700000
19.0968200000
19.0946700000
19.0925100000
19.0903600000
19.0882000000
19.0860300000
19.0838700000
19.0817000000
19.0795300000
19.0773600000
19.0751800000
19.0730100000
19.0708300000
19.0686400000
19.0664600000
19.0642700000
19.0620800000
19.0598900000
19.0577000000
19.0555000000
19.0533000000
19.0511000000
19.0488900000
19.0466800000
19.0444600000
19.0422400000
19.0400200000
19.0378000000
19.0355700000
19.0333400000
19.0311100000
19.0288800000
19.0266500000
19.0244200000
19.0221900000
19.0199500000
19.0177100000
19.0154700000
19.0132300000
19.0109800000
19.0087400000
19.0064800000
19.0042300000
19.0019700000
18.9997100000
18.9974400000
18.9951700000
18.9929000000
18.9906300000
18.9883600000
18.9860800000
18.9838100000
18.9815300000
18.9792500000
18.9769600000
18.9746700000
18.9723800000
18.9700800000
18.9677900000
18.9654900000
18.9631900000
18.9608900000
18.9585900000
18.9562800000
18.9539700000
18.9516600000
18.9493500000
18.9470400000
18.9447200000
18.9424000000
18.9400700000
18.9377400000
18.9354100000
18.9330800000
18.9307400000
18.9284100000
18.9260700000
18.9237200000
18.9213700000
18.9190200000
18.9166600000
18.9143100000
18.9119500000
18.9095900000
18.9072300000
18.9048600000
18.9024900000
18.9001300000
18.8977500000
18.8953800000
18.8930100000
18.8906300000
18.8882500000
18.8858700000
18.8834900000
18.8811000000
18.8787100000
18.8763200000
18.8739300000
18.8715300000
18.8691400000
18.8667400000
18.8643500000
18.8619500000
18.8595400000
18.8571400000
18.8547400000
18.8523300000
18.8499300000
18.8475200000
18.8451200000
18.8427100000
18.8403000000
18.8378900000
18.8354700000
18.8330500000
18.8306400000
18.8282200000
18.8257900000
18.8233700000
18.8209500000
18.8185300000
18.8161100000
18.8136900000
18.8112600000
18.8088300000
18.8064000000
18.8039700000
18.8015300000
18.7990800000
18.7966400000
18.7941900000
18.7917300000
18.7892700000
18.7868000000
18.7843300000
18.7818600000
18.7793800000
18.7768900000
18.7744000000
18.7719000000
18.7694000000
18.7668900000
18.7643700000
18.7618500000
18.7593300000
18.7568000000
18.7542700000
18.7517300000
18.7491900000
18.7466400000
18.7440900000
18.7415300000
18.7389800000
18.7364200000
18.7338500000
18.7312900000
18.7287200000
18.7261500000
18.7235800000
18.7210100000
18.7184400000
18.7158600000
18.7132900000
18.7107100000
18.7081400000
18.7055600000
18.7029900000
18.7004100000
18.6978300000
18.6952500000
18.6926700000
18.6900800000
18.6875000000
18.6849100000
18.6823100000
18.6797200000
18.6771200000
18.6745300000
18.6719200000
18.6693200000
18.6667200000
18.6641100000
18.6615000000
18.6588900000
18.6562700000
18.6536400000
18.6510200000
18.6483800000
18.6457500000
18.6431100000
18.6404600000
18.6378100000
18.6351600000
18.6325000000
18.6298400000
18.6271800000
18.6245200000
18.6218500000
18.6191700000
18.6165000000
18.6138200000
18.6111500000
18.6084700000
18.6057800000
18.6031000000
18.6004200000
18.5977400000
18.5950700000
18.5923900000
18.5897200000
18.5870400000
18.5843700000
18.5817000000
18.5790300000
18.5763600000
18.5736900000
18.5710200000
18.5683500000
18.5656900000
18.5630200000
18.5603600000
18.5576900000
18.5550300000
18.5523700000
18.5497100000
18.5470400000
18.5443700000
18.5417000000
18.5390300000
18.5363500000
18.5336700000
18.5309900000
18.5283000000
18.5256100000
18.5229100000
18.5202000000
18.5174900000
18.5147700000
18.5120500000
18.5093100000
18.5065700000
18.5038300000
18.5010700000
18.4983100000
18.4955500000
18.4927700000
18.4899900000
18.4872000000
18.4844100000
18.4816100000
18.4788100000
18.4760000000
18.4731800000
18.4703700000
18.4675400000
18.4647200000
18.4618900000
18.4590700000
18.4562300000
18.4534000000
18.4505700000
18.4477300000
18.4449000000
18.4420600000
18.4392300000
18.4364000000
18.4335700000
18.4307400000
18.4279100000
18.4250800000
18.4222600000
18.4194300000
18.4166100000
18.4137800000
18.4109600000
18.4081300000
18.4053100000
18.4024800000
18.3996600000
18.3968300000
18.3939900000
18.3911600000
18.3883200000
18.3854700000
18.3826200000
18.3797700000
18.3769100000
18.3740500000
18.3711900000
18.3683200000
18.3654500000
18.3625700000
18.3596800000
18.3567900000
18.3538900000
18.3509800000
18.3480700000
18.3451600000
18.3422400000
18.3393200000
18.3363900000
18.3334500000
18.3305200000
18.3275900000
18.3246500000
18.3217100000
18.3187800000
18.3158400000
18.3129100000
18.3099700000
18.3070400000
18.3041000000
18.3011700000
18.2982400000
18.2953000000
18.2923700000
18.2894400000
18.2865200000
18.2835900000
18.2806600000
18.2777300000
18.2748100000
18.2718800000
18.2689400000
18.2660100000
18.2630700000
18.2601300000
18.2571800000
18.2542300000
18.2512700000
18.2483100000
18.2453500000
18.2423800000
18.2394000000
18.2364300000
18.2334500000
18.2304700000
18.2274900000
18.2244900000
18.2215000000
18.2185000000
18.2154900000
18.2124800000
18.2094700000
18.2064500000
18.2034300000
18.2004000000
18.1973600000
18.1943200000
18.1912800000
18.1882300000
18.1851800000
18.1821300000
18.1790700000
18.1760000000
18.1729300000
18.1698600000
18.1667900000
18.1637100000
18.1606300000
18.1575400000
18.1544600000
18.1513700000
18.1482800000
18.1451900000
18.1420900000
18.1390000000
18.1359000000
18.1328000000
18.1297000000
18.1266000000
18.1235000000
18.1204000000
18.1173000000
18.1142000000
18.1110900000
18.1079900000
18.1048800000
18.1017700000
18.0986600000
18.0955400000
18.0924300000
18.0893100000
18.0861900000
18.0830700000
18.0799400000
18.0768200000
18.0736900000
18.0705600000
18.0674300000
18.0642900000
18.0611500000
18.0580100000
18.0548600000
18.0517200000
18.0485700000
18.0454200000
18.0422600000
18.0391000000
18.0359400000
18.0327700000
18.0296000000
18.0264300000
18.0232500000
18.0200700000
18.0169000000
18.0137100000
18.0105200000
18.0073300000
18.0041400000
18.0009400000
17.9977400000
17.9945400000
17.9913400000
17.9881300000
17.9849200000
17.9817100000
17.9785000000
17.9752800000
17.9720600000
17.9688400000
17.9656100000
17.9623900000
17.9591600000
17.9559200000
17.9526900000
17.9494500000
17.9462100000
17.9429600000
17.9397100000
17.9364600000
17.9332100000
17.9299600000
17.9267000000
17.9234400000
17.9201800000
17.9169200000
17.9136500000
17.9103800000
17.9071000000
17.9038300000
17.9005500000
17.8972700000
17.8939900000
17.8907000000
17.8874100000
17.8841300000
17.8808300000
17.8775400000
17.8742500000
17.8709500000
17.8676600000
17.8643600000
17.8610500000
17.8577400000
17.8544300000
17.8511200000
17.8478000000
17.8444800000
17.8411600000
17.8378400000
17.8345100000
17.8311800000
17.8278500000
17.8245100000
17.8211700000
17.8178300000
17.8145000000
17.8111500000
17.8078000000
17.8044500000
17.8011000000
17.7977400000
17.7943800000
17.7910200000
17.7876600000
17.7842900000
17.7809200000
17.7775500000
17.7741700000
17.7707900000
17.7674000000
17.7640100000
17.7606100000
17.7572100000
17.7538000000
17.7503900000
17.7469800000
17.7435600000
17.7401500000
17.7367300000
17.7333000000
17.7298800000
17.7264500000
17.7230200000
17.7195800000
17.7161500000
17.7127100000
17.7092600000
17.7058100000
17.7023600000
17.6989100000
17.6954600000
17.6920000000
17.6885400000
17.6850800000
17.6816200000
17.6781500000
17.6746800000
17.6712100000
17.6677400000
17.6642700000
17.6608000000
17.6573200000
17.6538400000
17.6503600000
17.6468800000
17.6433900000
17.6399100000
17.6364200000
17.6329300000
17.6294400000
17.6259500000
17.6224500000
17.6189500000
17.6154600000
17.6119600000
17.6084600000
17.6049600000
17.6014500000
17.5979400000
17.5944200000
17.5909000000
17.5873800000
17.5838600000
17.5803300000
17.5768100000
17.5732800000
17.5697500000
17.5662100000
17.5626800000
17.5591400000
17.5556000000
17.5520500000
17.5485000000
17.5449500000
17.5414000000
17.5378400000
17.5342800000
17.5307200000
17.5271600000
17.5235900000
17.5200200000
17.5164500000
17.5128700000
17.5092900000
17.5057100000
17.5021200000
17.4985300000
17.4949400000
17.4913400000
17.4877400000
17.4841400000
17.4805300000
17.4769200000
17.4733000000
17.4696800000
17.4660500000
17.4624300000
17.4588000000
17.4551700000
17.4515300000
17.4478900000
17.4442500000
17.4406100000
17.4369600000
17.4333100000
17.4296500000
17.4260000000
17.4223400000
17.4186800000
17.4150200000
17.4113500000
17.4076800000
17.4040100000
17.4003400000
17.3966600000
17.3929800000
17.3893000000
17.3856100000
17.3819200000
17.3782300000
17.3745300000
17.3708300000
17.3671300000
17.3634200000
17.3597100000
17.3560000000
17.3522900000
17.3485700000
17.3448500000
17.3411300000
17.3374100000
17.3336800000
17.3299400000
17.3262000000
17.3224600000
17.3187200000
17.3149700000
17.3112200000
17.3074700000
17.3037100000
17.2999500000
17.2961900000
17.2924300000
17.2886700000
17.2849000000
17.2811300000
17.2773600000
17.2735900000
17.2698200000
17.2660400000
17.2622600000
17.2584800000
17.2547000000
17.2509100000
17.2471300000
17.2433400000
17.2395500000
17.2357500000
17.2319500000
17.2281500000
17.2243400000
17.2205300000
17.2167100000
17.2128900000
17.2090700000
17.2052400000
17.2014100000
17.1975800000
17.1937400000
17.1899000000
17.1860500000
17.1821900000
17.1783300000
17.1744700000
17.1706000000
17.1667300000
17.1628500000
17.1589700000
17.1550900000
17.1512100000
17.1473300000
17.1434400000
17.1395500000
17.1356700000
17.1317800000
17.1278900000
17.1240000000
17.1201100000
17.1162200000
17.1123200000
17.1084300000
17.1045300000
17.1006300000
17.0967300000
17.0928300000
17.0889300000
17.0850200000
17.0811200000
17.0772100000
17.0733000000
17.0693800000
17.0654700000
17.0615600000
17.0576400000
17.0537200000
17.0498000000
17.0458700000
17.0419400000
17.0380100000
17.0340700000
17.0301200000
17.0261700000
17.0222200000
17.0182600000
17.0143000000
17.0103400000
17.0063700000
17.0024000000
16.9984200000
16.9944400000
16.9904400000
16.9864500000
16.9824500000
16.9784500000
16.9744300000
16.9704200000
16.9663900000
16.9623600000
16.9583300000
16.9542900000
16.9502400000
16.9461900000
16.9421300000
16.9380700000
16.9340100000
16.9299400000
16.9258700000
16.9217900000
16.9177200000
16.9136300000
16.9095500000
16.9054600000
16.9013800000
16.8972900000
16.8932000000
16.8891000000
16.8850100000
16.8809100000
16.8768200000
16.8727300000
16.8686300000
16.8645300000
16.8604400000
16.8563400000
16.8522400000
16.8481500000
16.8440500000
16.8399500000
16.8358500000
16.8317500000
16.8276600000
16.8235600000
16.8194600000
16.8153600000
16.8112600000
16.8071600000
16.8030500000
16.7989400000
16.7948400000
16.7907300000
16.7866200000
16.7825100000
16.7783900000
16.7742800000
16.7701500000
16.7660300000
16.7618900000
16.7577600000
16.7536200000
16.7494800000
16.7453300000
16.7411700000
16.7370100000
16.7328400000
16.7286700000
16.7245000000
16.7203200000
16.7161300000
16.7119400000
16.7077500000
16.7035500000
16.6993400000
16.6951400000
16.6909200000
16.6867100000
16.6824900000
16.6782600000
16.6740400000
16.6698100000
16.6655700000
16.6613300000
16.6570900000
16.6528500000
16.6486000000
16.6443400000
16.6400900000
16.6358300000
16.6315600000
16.6273000000
16.6230300000
16.6187600000
16.6144800000
16.6102000000
16.6059200000
16.6016400000
16.5973500000
16.5930600000
16.5887700000
16.5844800000
16.5801800000
16.5758800000
16.5715700000
16.5672700000
16.5629500000
16.5586400000
16.5543200000
16.5500000000
16.5456800000
16.5413500000
16.5370200000
16.5326800000
16.5283500000
16.5240000000
16.5196600000
16.5153100000
16.5109600000
16.5066100000
16.5022500000
16.4978900000
16.4935200000
16.4891500000
16.4847700000
16.4804000000
16.4760200000
16.4716300000
16.4672500000
16.4628500000
16.4584600000
16.4540600000
16.4496500000
16.4452500000
16.4408400000
16.4364300000
16.4320100000
16.4275900000
16.4231700000
16.4187400000
16.4143100000
16.4098700000
16.4054300000
16.4009900000
16.3965400000
16.3920900000
16.3876400000
16.3831800000
16.3787200000
16.3742500000
16.3697800000
16.3653100000
16.3608400000
16.3563600000
16.3518800000
16.3474000000
16.3429200000
16.3384300000
16.3339500000
16.3294600000
16.3249700000
16.3204700000
16.3159800000
16.3114900000
16.3069900000
16.3025000000
16.2980000000
16.2935000000
16.2890000000
16.2845000000
16.2799900000
16.2754800000
16.2709800000
16.2664600000
16.2619500000
16.2574300000
16.2529100000
16.2483900000
16.2438600000
16.2393300000
16.2347900000
16.2302500000
16.2257100000
16.2211600000
16.2166000000
16.2120500000
16.2074800000
16.2029200000
16.1983400000
16.1937700000
16.1891900000
16.1846100000
16.1800200000
16.1754300000
16.1708400000
16.1662400000
16.1616400000
16.1570300000
16.1524200000
16.1478000000
16.1431800000
16.1385600000
16.1339300000
16.1292900000
16.1246500000
16.1200100000
16.1153600000
16.1107100000
16.1060500000
16.1013900000
16.0967200000
16.0920500000
16.0873800000
16.0827000000
16.0780200000
16.0733400000
16.0686500000
16.0639600000
16.0592600000
16.0545700000
16.0498600000
16.0451600000
16.0404500000
16.0357400000
16.0310300000
16.0263100000
16.0215800000
16.0168600000
16.0121300000
16.0074000000
16.0026700000
15.9979400000
15.9932000000
15.9884600000
15.9837200000
15.9789800000
15.9742400000
15.9694900000
15.9647500000
15.9600000000
15.9552400000
15.9504900000
15.9457300000
15.9409600000
15.9362000000
15.9314300000
15.9266500000
15.9218800000
15.9171000000
15.9123100000
15.9075200000
15.9027300000
15.8979300000
15.8931300000
15.8883200000
15.8835100000
15.8787000000
15.8738800000
15.8690500000
15.8642300000
15.8594000000
15.8545600000
15.8497300000
15.8448900000
15.8400400000
15.8352000000
15.8303400000
15.8254900000
15.8206200000
15.8157600000
15.8108900000
15.8060100000
15.8011300000
15.7962500000
15.7913700000
15.7864800000
15.7815800000
15.7766900000
15.7717900000
15.7668800000
15.7619700000
15.7570600000
15.7521500000
15.7472300000
15.7423100000
15.7373800000
15.7324500000
15.7275200000
15.7225800000
15.7176400000
15.7127000000
15.7077500000
15.7028000000
15.6978400000
15.6928800000
15.6879200000
15.6829600000
15.6779900000
15.6730200000
15.6680500000
15.6630700000
15.6580900000
15.6531100000
15.6481200000
15.6431300000
15.6381400000
15.6331400000
15.6281300000
15.6231200000
15.6181100000
15.6130900000
15.6080600000
15.6030300000
15.5980000000
15.5929600000
15.5879200000
15.5828700000
15.5778300000
15.5727700000
15.5677200000
15.5626600000
15.5576000000
15.5525300000
15.5474600000
15.5423900000
15.5373100000
15.5322300000
15.5271500000
15.5220600000
15.5169800000
15.5118800000
15.5067800000
15.5016700000
15.4965600000
15.4914500000
15.4863300000
15.4812100000
15.4760900000
15.4709600000
15.4658200000
15.4606800000
15.4555400000
15.4503900000
15.4452400000
15.4400900000
15.4349300000
15.4297600000
15.4245900000
15.4194200000
15.4142400000
15.4090600000
15.4038700000
15.3986800000
15.3934900000
15.3882900000
15.3830800000
15.3778700000
15.3726600000
15.3674400000
15.3622100000
15.3569800000
15.3517400000
15.3465000000
15.3412600000
15.3360000000
15.3307500000
15.3254800000
15.3202200000
15.3149400000
15.3096700000
15.3043800000
15.2990900000
15.2938000000
15.2885000000
15.2832000000
15.2778900000
15.2725800000
15.2672700000
15.2619500000
15.2566300000
15.2513100000
15.2459800000
15.2406500000
15.2353200000
15.2299900000
15.2246600000
15.2193200000
15.2139800000
15.2086400000
15.2033000000
15.1979500000
15.1926100000
15.1872600000
15.1819100000
15.1765600000
15.1712100000
15.1658500000
15.1604800000
15.1551200000
15.1497400000
15.1443600000
15.1389800000
15.1335900000
15.1282000000
15.1228000000
15.1174000000
15.1119800000
15.1065600000
15.1011400000
15.0957100000
15.0902700000
15.0848200000
15.0793700000
15.0739200000
15.0684600000
15.0629900000
15.0575200000
15.0520400000
15.0465500000
15.0410600000
15.0355700000
15.0300700000
15.0245700000
15.0190600000
15.0135500000
15.0080400000
15.0025200000
14.9970000000
14.9914800000
14.9859500000
14.9804200000
14.9748900000
14.9693500000
14.9638100000
14.9582700000
14.9527300000
14.9471700000
14.9416200000
14.9360600000
14.9305000000
14.9249300000
14.9193600000
14.9137800000
14.9082000000
14.9026200000
14.8970300000
14.8914300000
14.8858400000
14.8802300000
14.8746200000
14.8690100000
14.8633900000
14.8577700000
14.8521400000
14.8465100000
14.8408800000
14.8352400000
14.8296000000
14.8239500000
14.8182900000
14.8126300000
14.8069700000
14.8013000000
14.7956200000
14.7899500000
14.7842600000
14.7785700000
14.7728800000
14.7671900000
14.7614900000
14.7557800000
14.7500800000
14.7443700000
14.7386600000
14.7329400000
14.7272200000
14.7215000000
14.7157700000
14.7100400000
14.7043100000
14.6985700000
14.6928300000
14.6870800000
14.6813300000
14.6755800000
14.6698100000
14.6640500000
14.6582700000
14.6525000000
14.6467100000
14.6409200000
14.6351300000
14.6293300000
14.6235200000
14.6177000000
14.6118800000
14.6060600000
14.6002200000
14.5943800000
14.5885400000
14.5826900000
14.5768300000
14.5709700000
14.5651000000
14.5592200000
14.5533400000
14.5474500000
14.5415600000
14.5356500000
14.5297500000
14.5238300000
14.5179100000
14.5119800000
14.5060400000
14.5001000000
14.4941600000
14.4882100000
14.4822600000
14.4763000000
14.4703400000
14.4643700000
14.4584000000
14.4524300000
14.4464500000
14.4404600000
14.4344700000
14.4284700000
14.4224700000
14.4164600000
14.4104500000
14.4044300000
14.3984100000
14.3923800000
14.3863400000
14.3803000000
14.3742500000
14.3681900000
14.3621400000
14.3560800000
14.3500100000
14.3439400000
14.3378600000
14.3317700000
14.3256800000
14.3195900000
14.3135000000
14.3073900000
14.3012900000
14.2951700000
14.2890600000
14.2829400000
14.2768200000
14.2706900000
14.2645600000
14.2584200000
14.2522800000
14.2461400000
14.2399900000
14.2338300000
14.2276700000
14.2215100000
14.2153400000
14.2091600000
14.2029900000
14.1968000000
14.1906100000
14.1844200000
14.1782200000
14.1720100000
14.1658000000
14.1595800000
14.1533600000
14.1471400000
14.1409100000
14.1346700000
14.1284300000
14.1221900000
14.1159400000
14.1096800000
14.1034200000
14.0971500000
14.0908800000
14.0846000000
14.0783100000
14.0720200000
14.0657200000
14.0594100000
14.0530900000
14.0467700000
14.0404400000
14.0341000000
14.0277600000
14.0214100000
14.0150500000
14.0086900000
14.0023200000
13.9959400000
13.9895500000
13.9831600000
13.9767600000
13.9703500000
13.9639300000
13.9575000000
13.9510700000
13.9446300000
13.9381900000
13.9317300000
13.9252700000
13.9188000000
13.9123300000
13.9058500000
13.8993600000
13.8928700000
13.8863700000
13.8798600000
13.8733500000
13.8668400000
13.8603100000
13.8537900000
13.8472500000
13.8407100000
13.8341700000
13.8276200000
13.8210600000
13.8145000000
13.8079400000
13.8013700000
13.7948000000
13.7882200000
13.7816400000
13.7750400000
13.7684500000
13.7618500000
13.7552400000
13.7486300000
13.7420200000
13.7354000000
13.7287800000
13.7221500000
13.7155100000
13.7088700000
13.7022200000
13.6955600000
13.6889000000
13.6822200000
13.6755400000
13.6688600000
13.6621600000
13.6554600000
13.6487500000
13.6420300000
13.6353100000
13.6285800000
13.6218400000
13.6151000000
13.6083500000
13.6015900000
13.5948200000
13.5880400000
13.5812600000
13.5744700000
13.5676700000
13.5608700000
13.5540500000
13.5472300000
13.5404100000
13.5335800000
13.5267400000
13.5199000000
13.5130500000
13.5061900000
13.4993200000
13.4924500000
13.4855800000
13.4786900000
13.4718000000
13.4649000000
13.4579900000
13.4510800000
13.4441600000
13.4372300000
13.4303000000
13.4233600000
13.4164200000
13.4094600000
13.4025000000
13.3955300000
13.3885600000
13.3815800000
13.3745900000
13.3676000000
13.3606000000
13.3535900000
13.3465800000
13.3395700000
13.3325400000
13.3255100000
13.3184700000
13.3114200000
13.3043700000
13.2973100000
13.2902400000
13.2831600000
13.2760800000
13.2689900000
13.2618900000
13.2547800000
13.2476700000
13.2405400000
13.2334100000
13.2262800000
13.2191300000
13.2119800000
13.2048200000
13.1976600000
13.1904900000
13.1833100000
13.1761200000
13.1689300000
13.1617200000
13.1545100000
13.1472900000
13.1400600000
13.1328300000
13.1255900000
13.1183400000
13.1110900000
13.1038200000
13.0965500000
13.0892600000
13.0819700000
13.0746800000
13.0673700000
13.0600600000
13.0527400000
13.0454100000
13.0380700000
13.0307200000
13.0233700000
13.0160000000
13.0086300000
13.0012600000
12.9938700000
12.9864700000
12.9790700000
12.9716600000
12.9642400000
12.9568100000
12.9493800000
12.9419400000
12.9344900000
12.9270300000
12.9195700000
12.9121000000
12.9046200000
12.8971400000
12.8896500000
12.8821400000
12.8746300000
12.8671100000
12.8595800000
12.8520500000
12.8445100000
12.8369500000
12.8293900000
12.8218200000
12.8142400000
12.8066600000
12.7990600000
12.7914600000
12.7838600000
12.7762400000
12.7686200000
12.7609800000
12.7533400000
12.7456900000
12.7380400000
12.7303700000
12.7227100000
12.7150300000
12.7073600000
12.6996700000
12.6919700000
12.6842800000
12.6765700000
12.6688600000
12.6611400000
12.6534200000
12.6456800000
12.6379400000
12.6302000000
12.6224400000
12.6146800000
12.6069100000
12.5991300000
12.5913400000
12.5835500000
12.5757400000
12.5679300000
12.5601100000
12.5522800000
12.5444400000
12.5365900000
12.5287400000
12.5208900000
12.5130200000
12.5051500000
12.4972600000
12.4893700000
12.4814600000
12.4735500000
12.4656300000
12.4577000000
12.4497600000
12.4418200000
12.4338600000
12.4259000000
12.4179300000
12.4099600000
12.4019800000
12.3939900000
12.3860000000
12.3780000000
12.3699900000
12.3619800000
12.3539600000
12.3459400000
12.3379100000
12.3298800000
12.3218300000
12.3137900000
12.3057400000
12.2976800000
12.2896200000
12.2815400000
12.2734600000
12.2653800000
12.2572900000
12.2491900000
12.2410900000
12.2329700000
12.2248500000
12.2167100000
12.2085700000
12.2004200000
12.1922600000
12.1841000000
12.1759300000
12.1677400000
12.1595500000
12.1513500000
12.1431500000
12.1349300000
12.1267100000
12.1184800000
12.1102400000
12.1020100000
12.0937600000
12.0855100000
12.0772600000
12.0690100000
12.0607500000
12.0524800000
12.0442200000
12.0359500000
12.0276700000
12.0193900000
12.0111200000
12.0028300000
11.9945500000
11.9862700000
11.9779800000
11.9696800000
11.9613900000
11.9530900000
11.9448000000
11.9365000000
11.9281900000
11.9198800000
11.9115700000
11.9032500000
11.8949300000
11.8866000000
11.8782800000
11.8699500000
11.8616100000
11.8532700000
11.8449300000
11.8365800000
11.8282300000
11.8198700000
11.8115100000
11.8031500000
11.7947700000
11.7864000000
11.7780200000
11.7696300000
11.7612500000
11.7528600000
11.7444600000
11.7360600000
11.7276600000
11.7192600000
11.7108500000
11.7024500000
11.6940400000
11.6856300000
11.6772200000
11.6688200000
11.6604100000
11.6520000000
11.6436000000
11.6352000000
11.6268000000
11.6184000000
11.6100000000
11.6016000000
11.5932000000
11.5848100000
11.5764100000
11.5680200000
11.5596400000
11.5512500000
11.5428600000
11.5344800000
11.5261000000
11.5177200000
11.5093500000
11.5009700000
11.4926000000
11.4842400000
11.4758700000
11.4675100000
11.4591500000
11.4507900000
11.4424400000
11.4340900000
11.4257400000
11.4174000000
11.4090600000
11.4007200000
11.3923800000
11.3840600000
11.3757300000
11.3674000000
11.3590900000
11.3507800000
11.3424700000
11.3341600000
11.3258700000
11.3175700000
11.3092800000
11.3009900000
11.2927200000
11.2844500000
11.2761800000
11.2679200000
11.2596700000
11.2514200000
11.2431800000
11.2349500000
11.2267200000
11.2185000000
11.2102900000
11.2020800000
11.1938900000
11.1857000000
11.1775100000
11.1693400000
11.1611800000
11.1530200000
11.1448700000
11.1367200000
11.1285900000
11.1204600000
11.1123400000
11.1042300000
11.0961200000
11.0880300000
11.0799400000
11.0718700000
11.0638000000
11.0557400000
11.0476900000
11.0396500000
11.0316200000
11.0235900000
11.0155800000
11.0075800000
10.9995900000
10.9916100000
10.9836400000
10.9756800000
10.9677400000
10.9598000000
10.9518800000
10.9439700000
10.9360700000
10.9281900000
10.9203100000
10.9124500000
10.9045900000
10.8967500000
10.8889200000
10.8811000000
10.8733000000
10.8655000000
10.8577200000
10.8499500000
10.8421900000
10.8344400000
10.8267100000
10.8189900000
10.8112800000
10.8035800000
10.7959000000
10.7882200000
10.7805700000
10.7729200000
10.7652900000
10.7576800000
10.7500700000
10.7424800000
10.7348900000
10.7273200000
10.7197700000
10.7122200000
10.7046900000
10.6971700000
10.6896700000
10.6821800000
10.6747000000
10.6672300000
10.6597800000
10.6523500000
10.6449300000
10.6375100000
10.6301200000
10.6227400000
10.6153700000
10.6080100000
10.6006700000
10.5933500000
10.5860300000
10.5787300000
10.5714500000
10.5641800000
10.5569200000
10.5496800000
10.5424500000
10.5352400000
10.5280400000
10.5208500000
10.5136700000
10.5065100000
10.4993700000
10.4922300000
10.4851200000
10.4780100000
10.4709300000
10.4638500000
10.4568000000
10.4497500000
10.4427200000
10.4357000000
10.4287000000
10.4217000000
10.4147300000
10.4077700000
10.4008200000
10.3938900000
10.3869800000
10.3800800000
10.3731900000
10.3663200000
10.3594700000
10.3526300000
10.3458000000
10.3389900000
10.3321900000
10.3254000000
10.3186300000
10.3118700000
10.3051300000
10.2984000000
10.2916800000
10.2849800000
10.2782900000
10.2716200000
10.2649500000
10.2583000000
10.2516600000
10.2450400000
10.2384300000
10.2318300000
10.2252400000
10.2186700000
10.2121100000
10.2055600000
10.1990300000
10.1925000000
10.1859900000
10.1795000000
10.1730200000
10.1665500000
10.1600900000
10.1536400000
10.1472100000
10.1407900000
10.1343800000
10.1279800000
10.1215900000
10.1152100000
10.1088500000
10.1024900000
10.0961400000
10.0898000000
10.0834800000
10.0771600000
10.0708600000
10.0645700000
10.0582900000
10.0520300000
10.0457700000
10.0395300000
10.0333000000
10.0270900000
10.0208900000
10.0147000000
10.0085200000
10.0023500000
9.9961940000
9.9961940000
9.9961940000
9.9961940000
9.9961940000
9.9961940000
9.9961940000
9.9961940000
9.9961940000
9.9961940000
9.9961940000
9.9961940000
9.9961940000
9.9961940000
9.9961940000
