15.0000000000
15.0000100000
14.9993700000
14.9978700000
14.9951300000
14.9915500000
14.9864800000
14.9806000000
14.9741800000
14.9659700000
14.9571500000
14.9475300000
14.9368200000
14.9247800000
14.9127300000
14.8991400000
14.8841200000
14.8699500000
14.8536200000
14.8364400000
14.8198800000
14.8010300000
14.7815500000
14.7628300000
14.7417400000
14.7197600000
14.6990300000
14.6759300000
14.6516500000
14.6287600000
14.6037700000
14.5776500000
14.5523400000
14.5255100000
14.4977800000
14.4707200000
14.4419300000
14.4125300000
14.3840700000
14.3529500000
14.3221100000
14.2923200000
14.2597000000
14.2268200000
14.1957500000
14.1618000000
14.1270400000
14.0945400000
14.0593300000
14.0233300000
13.9887700000
13.9524500000
13.9152600000
13.8795700000
13.8412100000
13.8030500000
13.7663500000
13.7266100000
13.6867500000
13.6491700000
13.6085400000
13.5671900000
13.5282700000
13.4868000000
13.4445600000
13.4041800000
13.3616000000
13.3186400000
13.2775900000
13.2334500000
13.1898700000
13.1482700000
13.1034100000
13.0584800000
13.0163700000
12.9709700000
12.9250000000
12.8824100000
12.8366100000
12.7902500000
12.7469000000
12.7008600000
12.6541900000
12.6104700000
12.5642000000
12.5175000000
12.4735800000
12.4271700000
12.3804100000
12.3365600000
12.2901900000
12.2435000000
12.2001200000
12.1540700000
12.1079700000
12.0652500000
12.0192900000
11.9745400000
11.9320300000
11.8874900000
11.8433500000
11.8017600000
11.7583100000
11.7151600000
11.6748800000
11.6322800000
11.5907700000
11.5512000000
11.5103000000
11.4694500000
11.4316600000
11.3914500000
11.3521000000
11.3154800000
11.2773500000
11.2394400000
11.2040800000
11.1671100000
11.1306000000
11.0970300000
11.0608400000
11.0258200000
10.9928600000
10.9587700000
10.9244300000
10.8924600000
10.8593900000
10.8262600000
10.7955400000
10.7631100000
10.7312300000
10.7019300000
10.6702900000
10.6396800000
10.6110000000
10.5809100000
10.5513000000
10.5232400000
10.4940700000
10.4655500000
10.4382500000
10.4089700000
10.3804500000
10.3536100000
10.3260000000
10.2987800000
10.2731600000
10.2471700000
10.2202400000
10.1946400000
10.1683000000
10.1424000000
10.1180300000
10.0921600000
10.0662700000
10.0419000000
10.0162600000
9.9916740000
9.9685400000
9.9439930000
9.9200910000
9.8970720000
9.8726310000
9.8486180000
9.8268690000
9.8037790000
9.7807390000
9.7590540000
9.7360880000
9.7131480000
9.6915830000
9.6699770000
9.6484740000
9.6282720000
9.6058700000
9.5844960000
9.5644260000
9.5432330000
9.5224600000
9.5040530000
9.4843000000
9.4637340000
9.4450790000
9.4259880000
9.4071210000
9.3894930000
9.3719220000
9.3548040000
9.3376790000
9.3200450000
9.3037790000
9.2889370000
9.2735340000
9.2589130000
9.2462430000
9.2331500000
9.2209710000
9.2098040000
9.1986810000
9.1880850000
9.1786970000
9.1702590000
9.1636660000
9.1580820000
9.1535160000
9.1505950000
9.1489400000
9.1488520000
9.1511570000
9.1543400000
9.1589240000
