20.0000000000
20.0000000000
20.0000000000
20.0000000000
20.0000000000
20.0000000000
20.0000000000
20.0000000000
20.0000000000
20.0000000000
20.0000000000
20.0000000000
20.0000000000
20.0000000000
19.9999900000
19.9999700000
19.9999200000
19.9998100000
19.9996000000
19.9992200000
19.9986000000
19.9976600000
19.9963200000
19.9945300000
19.9922500000
19.9895100000
19.9863300000
19.9827900000
19.9789700000
19.9749800000
19.9709100000
19.9668700000
19.9629200000
19.9591300000
19.9555300000
19.9521500000
19.9489700000
19.9459500000
19.9430500000
19.9402400000
19.9374700000
19.9347500000
19.9320700000
19.9294700000
19.9269800000
19.9246300000
19.9224400000
19.9204300000
19.9186000000
19.9169400000
19.9154500000
19.9141200000
19.9129100000
19.9118200000
19.9108100000
19.9098500000
19.9089000000
19.9079400000
19.9069500000
19.9059200000
19.9048400000
19.9037100000
19.9025200000
19.9012600000
19.8999300000
19.8985300000
19.8970300000
19.8954500000
19.8937800000
19.8920200000
19.8901700000
19.8882200000
19.8861800000
19.8840300000
19.8817900000
19.8794500000
19.8770200000
19.8745000000
19.8719100000
19.8692400000
19.8665200000
19.8637400000
19.8609200000
19.8580500000
19.8551500000
19.8522100000
19.8492400000
19.8462300000
19.8432000000
19.8401500000
19.8370800000
19.8340000000
19.8309000000
19.8278000000
19.8247000000
19.8215900000
19.8184900000
19.8153900000
19.8123000000
19.8092200000
19.8061500000
19.8030900000
19.8000300000
19.7969800000
19.7939300000
19.7908900000
19.7878600000
19.7848300000
19.7818100000
19.7787900000
19.7757700000
19.7727400000
19.7697200000
19.7667000000
19.7636600000
19.7606300000
19.7575800000
19.7545300000
19.7514600000
19.7483900000
19.7453100000
19.7422100000
19.7390900000
19.7359600000
19.7328200000
19.7296600000
19.7264900000
19.7233000000
19.7200800000
19.7168500000
19.7136000000
19.7103300000
19.7070500000
19.7037400000
19.7004200000
19.6970800000
19.6937200000
19.6903400000
19.6869400000
19.6835300000
19.6800900000
19.6766500000
19.6731800000
19.6697000000
19.6662000000
19.6626900000
19.6591700000
19.6556300000
19.6520700000
19.6485000000
19.6449100000
19.6413100000
19.6377000000
19.6340800000
19.6304400000
19.6267900000
19.6231300000
19.6194500000
19.6157600000
19.6120600000
19.6083400000
19.6046200000
19.6008800000
19.5971300000
19.5933700000
19.5895900000
19.5858000000
19.5820100000
19.5782000000
19.5743800000
19.5705400000
19.5666800000
19.5628200000
19.5589400000
19.5550400000
19.5511400000
19.5472200000
19.5432800000
19.5393300000
19.5353700000
19.5313900000
19.5274000000
19.5233900000
19.5193600000
19.5153100000
19.5112500000
19.5071800000
19.5030900000
19.4990000000
19.4949000000
19.4907900000
19.4866600000
19.4825200000
19.4783700000
19.4742000000
19.4700100000
19.4658100000
19.4616000000
19.4573700000
19.4531200000
19.4488600000
19.4445900000
19.4402900000
19.4359900000
19.4316700000
19.4273300000
19.4229800000
19.4186200000
19.4142500000
19.4098600000
19.4054500000
19.4010400000
19.3966000000
19.3921600000
19.3877000000
19.3832300000
19.3787500000
19.3742500000
19.3697500000
19.3652300000
19.3607000000
19.3561500000
19.3515900000
19.3470200000
19.3424400000
19.3378400000
19.3332300000
19.3286200000
19.3239900000
19.3193400000
19.3146800000
19.3100100000
19.3053300000
19.3006300000
19.2959200000
19.2912000000
19.2864700000
19.2817300000
19.2769700000
19.2722100000
19.2674300000
19.2626400000
19.2578400000
19.2530200000
19.2481900000
19.2433500000
19.2385000000
19.2336300000
19.2287400000
19.2238400000
19.2189400000
19.2140100000
19.2090700000
19.2041200000
19.1991600000
19.1941800000
19.1891800000
19.1841700000
19.1791500000
19.1741100000
19.1690600000
19.1640000000
19.1589200000
19.1538300000
19.1487300000
19.1436100000
19.1384700000
19.1333300000
19.1281600000
19.1229900000
19.1178000000
19.1125900000
19.1073800000
19.1021500000
19.0969100000
19.0916600000
19.0864000000
19.0811300000
19.0758500000
19.0705600000
19.0652700000
19.0599700000
19.0546500000
19.0493200000
19.0439800000
19.0386200000
19.0332400000
19.0278500000
19.0224500000
19.0170300000
19.0115900000
19.0061500000
19.0006800000
18.9952100000
18.9897200000
18.9842300000
18.9787100000
18.9731900000
18.9676500000
18.9620900000
18.9565100000
18.9509300000
18.9453300000
18.9397100000
18.9340900000
18.9284500000
18.9228000000
18.9171400000
18.9114700000
18.9057800000
18.9000700000
18.8943500000
18.8886200000
18.8828700000
18.8771000000
18.8713200000
18.8655200000
18.8597100000
18.8538900000
18.8480500000
18.8422000000
18.8363300000
18.8304500000
18.8245600000
18.8186500000
18.8127300000
18.8067900000
18.8008400000
18.7948800000
18.7889000000
18.7829200000
18.7769100000
18.7708900000
18.7648600000
18.7588100000
18.7527500000
18.7466700000
18.7405800000
18.7344800000
18.7283700000
18.7222300000
18.7160900000
18.7099200000
18.7037500000
18.6975600000
18.6913500000
18.6851300000
18.6788900000
18.6726400000
18.6663800000
18.6601000000
18.6538000000
18.6474900000
18.6411600000
18.6348200000
18.6284800000
18.6221300000
18.6157700000
18.6094000000
18.6030100000
18.5966100000
18.5901900000
18.5837500000
18.5773000000
18.5708400000
18.5643500000
18.5578600000
18.5513400000
18.5448100000
18.5382600000
18.5317000000
18.5251200000
18.5185200000
18.5119200000
18.5052900000
18.4986500000
18.4920000000
18.4853400000
18.4786600000
18.4719700000
18.4652700000
18.4585600000
18.4518400000
18.4451000000
18.4383600000
18.4316200000
18.4248600000
18.4181100000
18.4113500000
18.4046000000
18.3978400000
18.3911000000
18.3843600000
18.3776300000
18.3709100000
18.3642100000
18.3575200000
18.3508400000
18.3441800000
18.3375300000
18.3308800000
18.3242400000
18.3175900000
18.3109400000
18.3042700000
18.2975800000
18.2908500000
18.2840900000
18.2772900000
18.2704300000
18.2635200000
18.2565300000
18.2494800000
18.2423600000
18.2351600000
18.2279000000
18.2205500000
18.2131500000
18.2056700000
18.1981300000
18.1905300000
18.1828900000
18.1751900000
18.1674600000
18.1597000000
18.1519100000
18.1441000000
18.1362800000
18.1284500000
18.1206200000
18.1127700000
18.1049300000
18.0970800000
18.0892400000
18.0814100000
18.0735900000
18.0657900000
18.0580000000
18.0502400000
18.0424900000
18.0347600000
18.0270500000
18.0193600000
18.0116700000
18.0040000000
17.9963400000
17.9886800000
17.9810300000
17.9733700000
17.9657100000
17.9580400000
17.9503600000
17.9426700000
17.9349600000
17.9272300000
17.9194800000
17.9117100000
17.9039200000
17.8961000000
17.8882500000
17.8803700000
17.8724500000
17.8645000000
17.8565100000
17.8484700000
17.8403900000
17.8322700000
17.8241100000
17.8158900000
17.8076400000
17.7993300000
17.7909800000
17.7826000000
17.7741700000
17.7657100000
17.7572300000
17.7487200000
17.7401800000
17.7316400000
17.7230800000
17.7145200000
17.7059500000
17.6974000000
17.6888500000
17.6803100000
17.6717900000
17.6633000000
17.6548200000
17.6463800000
17.6379700000
17.6295900000
17.6212400000
17.6129200000
17.6046200000
17.5963500000
17.5880900000
17.5798500000
17.5716200000
17.5634100000
17.5551900000
17.5469900000
17.5387700000
17.5305500000
17.5223200000
17.5140700000
17.5058000000
17.4975100000
17.4892000000
17.4808500000
17.4724700000
17.4640500000
17.4555900000
17.4470900000
17.4385500000
17.4299500000
17.4213100000
17.4126200000
17.4038900000
17.3951000000
17.3862600000
17.3773800000
17.3684500000
17.3594700000
17.3504400000
17.3413800000
17.3322700000
17.3231200000
17.3139300000
17.3047000000
17.2954400000
17.2861600000
17.2768400000
17.2675000000
17.2581300000
17.2487400000
17.2393300000
17.2299100000
17.2204600000
17.2110100000
17.2015300000
17.1920500000
17.1825500000
17.1730500000
17.1635400000
17.1540200000
17.1444900000
17.1349600000
17.1254200000
17.1158800000
17.1063500000
17.0968100000
17.0872700000
17.0777200000
17.0681500000
17.0585800000
17.0489900000
17.0393900000
17.0297700000
17.0201400000
17.0105000000
17.0008400000
16.9911600000
16.9814700000
16.9717600000
16.9620300000
16.9522900000
16.9425200000
16.9327300000
16.9229200000
16.9130900000
16.9032300000
16.8933600000
16.8834600000
16.8735300000
16.8635800000
16.8536000000
16.8436100000
16.8335800000
16.8235400000
16.8134600000
16.8033600000
16.7932400000
16.7830900000
16.7729100000
16.7627100000
16.7524700000
16.7422100000
16.7319300000
16.7216200000
16.7112800000
16.7009100000
16.6905100000
16.6800900000
16.6696300000
16.6591500000
16.6486400000
16.6381100000
16.6275500000
16.6169600000
16.6063600000
16.5957300000
16.5850900000
16.5744400000
16.5637800000
16.5531100000
16.5424100000
16.5317000000
16.5209600000
16.5102100000
16.4994400000
16.4886600000
16.4778600000
16.4670400000
16.4562000000
16.4453400000
16.4344600000
16.4235600000
16.4126400000
16.4017000000
16.3907400000
16.3797600000
16.3687600000
16.3577300000
16.3466800000
16.3356100000
16.3245100000
16.3133900000
16.3022500000
16.2910900000
16.2799100000
16.2687000000
16.2574700000
16.2462300000
16.2349600000
16.2236800000
16.2123700000
16.2010600000
16.1897200000
16.1783700000
16.1670100000
16.1556300000
16.1442400000
16.1328300000
16.1214000000
16.1099600000
16.0985000000
16.0870100000
16.0755100000
16.0639900000
16.0524300000
16.0408600000
16.0292600000
16.0176500000
16.0060100000
15.9943400000
15.9826400000
15.9709100000
15.9591400000
15.9473300000
15.9354900000
15.9236100000
15.9117000000
15.8997500000
15.8877700000
15.8757600000
15.8637100000
15.8516300000
15.8395200000
15.8273800000
15.8152200000
15.8030300000
15.7908100000
15.7785600000
15.7663000000
15.7540100000
15.7417000000
15.7293700000
15.7170200000
15.7046500000
15.6922500000
15.6798300000
15.6674000000
15.6549500000
15.6424700000
15.6299700000
15.6174400000
15.6048900000
15.5923200000
15.5797200000
15.5670900000
15.5544300000
15.5417400000
15.5290200000
15.5162700000
15.5034800000
15.4906600000
15.4778200000
15.4649400000
15.4520300000
15.4390900000
15.4261300000
15.4131400000
15.4001200000
15.3870700000
15.3739700000
15.3608500000
15.3476900000
15.3344900000
15.3212600000
15.3080000000
15.2947000000
15.2813600000
15.2679900000
15.2545900000
15.2411500000
15.2276800000
15.2141700000
15.2006400000
15.1870700000
15.1734800000
15.1598500000
15.1462000000
15.1325200000
15.1188100000
15.1050600000
15.0912900000
15.0774900000
15.0636500000
15.0497800000
15.0358800000
15.0219400000
15.0079700000
14.9939700000
14.9799400000
14.9658700000
14.9517700000
14.9376400000
14.9234700000
14.9092600000
14.8950200000
14.8807500000
14.8664400000
14.8521000000
14.8377400000
14.8233500000
14.8089200000
14.7944700000
14.7799700000
14.7654400000
14.7508700000
14.7362700000
14.7216300000
14.7069500000
14.6922200000
14.6774700000
14.6626700000
14.6478400000
14.6329700000
14.6180600000
14.6031000000
14.5881100000
14.5730800000
14.5580100000
14.5429000000
14.5277500000
14.5125600000
14.4973300000
14.4820700000
14.4667500000
14.4514000000
14.4360100000
14.4205700000
14.4050900000
14.3895700000
14.3740100000
14.3584000000
14.3427500000
14.3270500000
14.3113100000
14.2955200000
14.2797000000
14.2638200000
14.2479100000
14.2319600000
14.2159800000
14.1999600000
14.1838900000
14.1677800000
14.1516200000
14.1354200000
14.1191700000
14.1028800000
14.0865400000
14.0701500000
14.0537100000
14.0372200000
14.0206900000
14.0041100000
13.9874800000
13.9708100000
13.9540900000
13.9373300000
13.9205200000
13.9036500000
13.8867400000
13.8697900000
13.8527800000
13.8357100000
13.8186000000
13.8014400000
13.7842100000
13.7669300000
13.7496000000
13.7322000000
13.7147500000
13.6972400000
13.6796800000
13.6620500000
13.6443700000
13.6266400000
13.6088600000
13.5910300000
13.5731500000
13.5552300000
13.5372500000
13.5192100000
13.5011300000
13.4829800000
13.4647800000
13.4465200000
13.4282100000
13.4098400000
13.3914100000
13.3729200000
13.3543800000
13.3357800000
13.3171100000
13.2983900000
13.2796100000
13.2607700000
13.2418700000
13.2229100000
13.2038900000
13.1848100000
13.1656700000
13.1464500000
13.1271700000
13.1078200000
13.0884000000
13.0688900000
13.0493100000
13.0296500000
13.0099100000
12.9900900000
12.9701900000
12.9502100000
12.9301600000
12.9100300000
12.8897900000
12.8694600000
12.8490300000
12.8284900000
12.8078400000
12.7870800000
12.7662200000
12.7452500000
12.7241700000
12.7029800000
12.6816800000
12.6602900000
12.6387900000
12.6171900000
12.5954900000
12.5737000000
12.5518100000
12.5298300000
12.5077500000
12.4855800000
12.4633100000
12.4409600000
12.4185200000
12.3959900000
12.3733700000
12.3506700000
12.3278900000
12.3050300000
12.2820900000
12.2590700000
12.2359900000
12.2128300000
12.1896000000
12.1662900000
12.1428900000
12.1194100000
12.0958500000
12.0722000000
12.0484500000
12.0246100000
12.0006700000
11.9766300000
11.9525000000
11.9282600000
11.9039100000
11.8794600000
11.8549000000
11.8302400000
11.8054600000
11.7805600000
11.7555500000
11.7304200000
11.7051800000
11.6798100000
11.6543400000
11.6287400000
11.6030300000
11.5772100000
11.5512900000
11.5252600000
11.4991400000
11.4729100000
11.4465800000
11.4201500000
11.3936200000
11.3670000000
11.3403000000
11.3135100000
11.2866300000
11.2596900000
11.2326700000
11.2056000000
11.1784700000
11.1513100000
11.1241000000
11.0968400000
11.0695300000
11.0421800000
11.0147800000
10.9873400000
10.9598600000
10.9323400000
10.9047800000
10.8771800000
10.8495500000
10.8219000000
10.7942200000
10.7665200000
10.7388000000
10.7110500000
10.6832700000
10.6554800000
10.6276600000
10.5998200000
10.5719600000
10.5440700000
10.5161700000
10.4882400000
10.4603100000
10.4323600000
10.4044000000
10.3764400000
10.3484800000
10.3205100000
10.2925400000
10.2645800000
10.2366200000
10.2086700000
10.1807400000
10.1528200000
10.1249300000
10.0970600000
10.0692300000
10.0414300000
10.0136800000
9.9859610000

