30.0000000000
30.0000000000
30.0000000000
30.0000000000
30.0000000000
30.0000000000
30.0000000000
30.0000000000
30.0000000000
30.0000000000
30.0000100000
30.0000100000
30.0000100000
30.0000100000
30.0000100000
30.0000100000
30.0000100000
30.0000000000
29.9999900000
29.9999700000
29.9999400000
29.9998900000
29.9998100000
29.9997000000
29.9995500000
29.9993600000
29.9991300000
29.9988600000
29.9985500000
29.9982000000
29.9978000000
29.9973800000
29.9969200000
29.9964400000
29.9959300000
29.9954000000
29.9948500000
29.9942900000
29.9937200000
29.9931400000
29.9925700000
29.9919800000
29.9913900000
29.9908100000
29.9902400000
29.9896800000
29.9891300000
29.9885900000
29.9880800000
29.9875800000
29.9871000000
29.9866400000
29.9862100000
29.9857800000
29.9853700000
29.9849600000
29.9845600000
29.9841600000
29.9837600000
29.9833600000
29.9829500000
29.9825400000
29.9821400000
29.9817300000
29.9813200000
29.9809200000
29.9805100000
29.9801100000
29.9797200000
29.9793200000
29.9789200000
29.9785300000
29.9781300000
29.9777400000
29.9773500000
29.9769600000
29.9765700000
29.9761800000
29.9758000000
29.9754200000
29.9750500000
29.9746900000
29.9743300000
29.9739900000
29.9736500000
29.9733200000
29.9730000000
29.9726900000
29.9723900000
29.9720900000
29.9717900000
29.9715000000
29.9712100000
29.9709200000
29.9706200000
29.9703300000
29.9700400000
29.9697400000
29.9694400000
29.9691400000
29.9688300000
29.9685200000
29.9682000000
29.9678800000
29.9675400000
29.9672100000
29.9668600000
29.9665000000
29.9661300000
29.9657500000
29.9653500000
29.9649500000
29.9645400000
29.9641200000
29.9636800000
29.9632400000
29.9627900000
29.9623300000
29.9618600000
29.9613800000
29.9609000000
29.9604100000
29.9599100000
29.9594000000
29.9588900000
29.9583700000
29.9578400000
29.9573100000
29.9567800000
29.9562400000
29.9556900000
29.9551500000
29.9546000000
29.9540500000
29.9535000000
29.9529400000
29.9523800000
29.9518200000
29.9512600000
29.9507000000
29.9501300000
29.9495700000
29.9490000000
29.9484400000
29.9478700000
29.9473000000
29.9467300000
29.9461600000
29.9455900000
29.9450300000
29.9444600000
29.9438900000
29.9433300000
29.9427600000
29.9421900000
29.9416200000
29.9410600000
29.9404900000
29.9399200000
29.9393500000
29.9387900000
29.9382200000
29.9376500000
29.9370800000
29.9365100000
29.9359400000
29.9353700000
29.9348000000
29.9342300000
29.9336500000
29.9330800000
29.9325100000
29.9319400000
29.9313700000
29.9307900000
29.9302200000
29.9296400000
29.9290600000
29.9284900000
29.9279000000
29.9273200000
29.9267400000
29.9261600000
29.9255700000
29.9249900000
29.9244000000
29.9238100000
29.9232200000
29.9226300000
29.9220400000
29.9214400000
29.9208500000
29.9202500000
29.9196500000
29.9190400000
29.9184400000
29.9178400000
29.9172300000
29.9166200000
29.9160100000
29.9154000000
29.9147800000
29.9141700000
29.9135500000
29.9129300000
29.9123000000
29.9116800000
29.9110500000
29.9104300000
29.9097900000
29.9091600000
29.9085300000
29.9078900000
29.9072500000
29.9066100000
29.9059700000
29.9053300000
29.9046800000
29.9040400000
29.9033900000
29.9027400000
29.9021000000
29.9014500000
29.9007900000
29.9001400000
29.8994800000
29.8988300000
29.8981700000
29.8975100000
29.8968400000
29.8961800000
29.8955200000
29.8948500000
29.8941800000
29.8935100000
29.8928400000
29.8921600000
29.8914900000
29.8908100000
29.8901300000
29.8894500000
29.8887700000
29.8880900000
29.8874100000
29.8867200000
29.8860400000
29.8853500000
29.8846600000
29.8839700000
29.8832800000
29.8825800000
29.8818900000
29.8811900000
29.8804900000
29.8798000000
29.8790900000
29.8784000000
29.8776900000
29.8769900000
29.8762800000
29.8755700000
29.8748700000
29.8741600000
29.8734400000
29.8727300000
29.8720200000
29.8713000000
29.8705900000
29.8698700000
29.8691500000
29.8684300000
29.8677100000
29.8669900000
29.8662600000
29.8655300000
29.8648000000
29.8640700000
29.8633400000
29.8626100000
29.8618700000
29.8611300000
29.8603900000
29.8596500000
29.8589100000
29.8581600000
29.8574100000
29.8566700000
29.8559200000
29.8551700000
29.8544200000
29.8536600000
29.8529100000
29.8521500000
29.8513900000
29.8506400000
29.8498800000
29.8491100000
29.8483500000
29.8475900000
29.8468200000
29.8460500000
29.8452900000
29.8445200000
29.8437500000
29.8429800000
29.8422000000
29.8414300000
29.8406500000
29.8398700000
29.8390900000
29.8383100000
29.8375300000
29.8367400000
29.8359600000
29.8351700000
29.8343800000
29.8335900000
29.8327900000
29.8320000000
29.8312100000
29.8304100000
29.8296100000
29.8288100000
29.8280000000
29.8272000000
29.8264000000
29.8255900000
29.8247800000
29.8239700000
29.8231600000
29.8223500000
29.8215300000
29.8207200000
29.8199000000
29.8190900000
29.8182700000
29.8174500000
29.8166300000
29.8158100000
29.8149800000
29.8141600000
29.8133300000
29.8125000000
29.8116800000
29.8108400000
29.8100100000
29.8091800000
29.8083500000
29.8075100000
29.8066700000
29.8058400000
29.8049900000
29.8041500000
29.8033100000
29.8024700000
29.8016200000
29.8007700000
29.7999200000
29.7990700000
29.7982200000
29.7973700000
29.7965100000
29.7956600000
29.7948000000
29.7939400000
29.7930800000
29.7922200000
29.7913600000
29.7904900000
29.7896300000
29.7887600000
29.7878900000
29.7870200000
29.7861500000
29.7852800000
29.7844000000
29.7835300000
29.7826500000
29.7817700000
29.7808900000
29.7800100000
29.7791300000
29.7782400000
29.7773600000
29.7764700000
29.7755800000
29.7746900000
29.7738000000
29.7729100000
29.7720200000
29.7711200000
29.7702300000
29.7693300000
29.7684300000
29.7675300000
29.7666200000
29.7657200000
29.7648200000
29.7639100000
29.7630000000
29.7620900000
29.7611800000
29.7602700000
29.7593600000
29.7584400000
29.7575200000
29.7566100000
29.7556900000
29.7547700000
29.7538500000
29.7529200000
29.7520000000
29.7510700000
29.7501400000
29.7492200000
29.7482900000
29.7473500000
29.7464200000
29.7454800000
29.7445500000
29.7436100000
29.7426700000
29.7417300000
29.7407900000
29.7398500000
29.7389100000
29.7379600000
29.7370200000
29.7360800000
29.7351300000
29.7341800000
29.7332300000
29.7322800000
29.7313300000
29.7303800000
29.7294200000
29.7284700000
29.7275100000
29.7265500000
29.7255900000
29.7246300000
29.7236700000
29.7227000000
29.7217300000
29.7207700000
29.7198000000
29.7188300000
29.7178600000
29.7168800000
29.7159100000
29.7149300000
29.7139500000
29.7129700000
29.7119900000
29.7110100000
29.7100300000
29.7090500000
29.7080600000
29.7070800000
29.7060900000
29.7051000000
29.7041100000
29.7031200000
29.7021300000
29.7011300000
29.7001400000
29.6991500000
29.6981500000
29.6971500000
29.6961500000
29.6951500000
29.6941500000
29.6931400000
29.6921400000
29.6911300000
29.6901300000
29.6891200000
29.6881100000
29.6871000000
29.6860800000
29.6850600000
29.6840500000
29.6830300000
29.6820100000
29.6809900000
29.6799700000
29.6789500000
29.6779300000
29.6769000000
29.6758800000
29.6748500000
29.6738200000
29.6727900000
29.6717600000
29.6707300000
29.6697000000
29.6686600000
29.6676300000
29.6666000000
29.6655600000
29.6645200000
29.6634800000
29.6624400000
29.6614000000
29.6603500000
29.6593000000
29.6582600000
29.6572100000
29.6561600000
29.6551100000
29.6540500000
29.6530000000
29.6519400000
29.6508900000
29.6498300000
29.6487700000
29.6477100000
29.6466400000
29.6455800000
29.6445200000
29.6434500000
29.6423800000
29.6413100000
29.6402400000
29.6391700000
29.6380900000
29.6370200000
29.6359400000
29.6348700000
29.6337900000
29.6327100000
29.6316300000
29.6305500000
29.6294700000
29.6283800000
29.6273000000
29.6262100000
29.6251200000
29.6240300000
29.6229400000
29.6218500000
29.6207500000
29.6196600000
29.6185600000
29.6174600000
29.6163600000
29.6152600000
29.6141600000
29.6130600000
29.6119500000
29.6108500000
29.6097500000
29.6086400000
29.6075300000
29.6064200000
29.6053100000
29.6042000000
29.6030900000
29.6019700000
29.6008600000
29.5997400000
29.5986200000
29.5975100000
29.5963900000
29.5952600000
29.5941400000
29.5930100000
29.5918800000
29.5907500000
29.5896200000
29.5884800000
29.5873500000
29.5862100000
29.5850700000
29.5839300000
29.5827900000
29.5816500000
29.5805000000
29.5793600000
29.5782100000
29.5770600000
29.5759200000
29.5747700000
29.5736100000
29.5724600000
29.5713100000
29.5701600000
29.5690000000
29.5678400000
29.5666800000
29.5655200000
29.5643600000
29.5632000000
29.5620300000
29.5608700000
29.5597000000
29.5585300000
29.5573700000
29.5562000000
29.5550300000
29.5538700000
29.5526900000
29.5515200000
29.5503500000
29.5491800000
29.5480000000
29.5468300000
29.5456500000
29.5444700000
29.5432900000
29.5421100000
29.5409300000
29.5397400000
29.5385600000
29.5373700000
29.5361800000
29.5349900000
29.5337900000
29.5326000000
29.5314100000
29.5302100000
29.5290200000
29.5278200000
29.5266200000
29.5254200000
29.5242100000
29.5230100000
29.5218000000
29.5206000000
29.5193900000
29.5181800000
29.5169700000
29.5157600000
29.5145400000
29.5133300000
29.5121200000
29.5109000000
29.5096800000
29.5084600000
29.5072400000
29.5060200000
29.5047900000
29.5035700000
29.5023400000
29.5011200000
29.4998900000
29.4986600000
29.4974300000
29.4962000000
29.4949700000
29.4937400000
29.4925000000
29.4912700000
29.4900300000
29.4887900000
29.4875500000
29.4863100000
29.4850700000
29.4838200000
29.4825800000
29.4813300000
29.4800800000
29.4788300000
29.4775800000
29.4763300000
29.4750700000
29.4738200000
29.4725600000
29.4713100000
29.4700500000
29.4687900000
29.4675300000
29.4662600000
29.4649900000
29.4637300000
29.4624600000
29.4611900000
29.4599200000
29.4586400000
29.4573700000
29.4561000000
29.4548200000
29.4535400000
29.4522600000
29.4509800000
29.4497000000
29.4484200000
29.4471400000
29.4458600000
29.4445700000
29.4432800000
29.4420000000
29.4407100000
29.4394200000
29.4381300000
29.4368300000
29.4355400000
29.4342500000
29.4329500000
29.4316500000
29.4303600000
29.4290600000
29.4277600000
29.4264500000
29.4251500000
29.4238400000
29.4225400000
29.4212300000
29.4199200000
29.4186100000
29.4173000000
29.4159900000
29.4146800000
29.4133600000
29.4120400000
29.4107200000
29.4094100000
29.4080900000
29.4067700000
29.4054500000
29.4041300000
29.4028000000
29.4014700000
29.4001400000
29.3988100000
29.3974800000
29.3961500000
29.3948200000
29.3934900000
29.3921500000
29.3908200000
29.3894800000
29.3881400000
29.3868000000
29.3854600000
29.3841100000
29.3827700000
29.3814200000
29.3800800000
29.3787300000
29.3773800000
29.3760200000
29.3746700000
29.3733200000
29.3719700000
29.3706100000
29.3692600000
29.3679000000
29.3665400000
29.3651800000
29.3638100000
29.3624500000
29.3610900000
29.3597200000
29.3583500000
29.3569900000
29.3556200000
29.3542500000
29.3528800000
29.3515100000
29.3501300000
29.3487600000
29.3473800000
29.3460000000
29.3446300000
29.3432500000
29.3418700000
29.3404900000
29.3391100000
29.3377200000
29.3363400000
29.3349500000
29.3335600000
29.3321700000
29.3307800000
29.3293900000
29.3280000000
29.3266100000
29.3252100000
29.3238100000
29.3224100000
29.3210100000
29.3196100000
29.3182100000
29.3168100000
29.3154100000
29.3140000000
29.3126000000
29.3111900000
29.3097800000
29.3083700000
29.3069700000
29.3055600000
29.3041500000
29.3027400000
29.3013300000
29.2999200000
29.2985100000
29.2971000000
29.2956900000
29.2942800000
29.2928700000
29.2914600000
29.2900500000
29.2886500000
29.2872400000
29.2858400000
29.2844300000
29.2830300000
29.2816300000
29.2802300000
29.2788300000
29.2774300000
29.2760400000
29.2746400000
29.2732400000
29.2718400000
29.2704500000
29.2690500000
29.2676500000
29.2662500000
29.2648500000
29.2634400000
29.2620300000
29.2606100000
29.2592000000
29.2577700000
29.2563500000
29.2549200000
29.2534800000
29.2520400000
29.2506000000
29.2491400000
29.2476800000
29.2462200000
29.2447500000
29.2432800000
29.2418000000
29.2403200000
29.2388400000
29.2373500000
29.2358600000
29.2343600000
29.2328600000
29.2313700000
29.2298600000
29.2283600000
29.2268500000
29.2253500000
29.2238400000
29.2223300000
29.2208200000
29.2193000000
29.2177900000
29.2162700000
29.2147600000
29.2132400000
29.2117200000
29.2102000000
29.2086800000
29.2071500000
29.2056300000
29.2041000000
29.2025700000
29.2010300000
29.1995000000
29.1979600000
29.1964200000
29.1948800000
29.1933400000
29.1918000000
29.1902500000
29.1887000000
29.1871500000
29.1856000000
29.1840500000
29.1825000000
29.1809400000
29.1793800000
29.1778300000
29.1762700000
29.1747100000
29.1731500000
29.1715900000
29.1700300000
29.1684700000
29.1669000000
29.1653400000
29.1637800000
29.1622200000
29.1606600000
29.1590900000
29.1575300000
29.1559700000
29.1544200000
29.1528500000
29.1513000000
29.1497400000
29.1481800000
29.1466200000
29.1450600000
29.1435000000
29.1419400000
29.1403800000
29.1388200000
29.1372600000
29.1357000000
29.1341300000
29.1325700000
29.1310000000
29.1294300000
29.1278600000
29.1262800000
29.1247000000
29.1231200000
29.1215400000
29.1199500000
29.1183600000
29.1167600000
29.1151700000
29.1135700000
29.1119600000
29.1103600000
29.1087500000
29.1071400000
29.1055200000
29.1039100000
29.1022900000
29.1006700000
29.0990400000
29.0974200000
29.0957900000
29.0941700000
29.0925500000
29.0909200000
29.0893000000
29.0876700000
29.0860500000
29.0844200000
29.0828000000
29.0811800000
29.0795600000
29.0779400000
29.0763200000
29.0747100000
29.0730900000
29.0714800000
29.0698600000
29.0682500000
29.0666400000
29.0650300000
29.0634200000
29.0618200000
29.0602100000
29.0586000000
29.0570000000
29.0554000000
29.0537900000
29.0521900000
29.0505900000
29.0489900000
29.0473900000
29.0457800000
29.0441900000
29.0425900000
29.0409900000
29.0393800000
29.0377800000
29.0361800000
29.0345800000
29.0329800000
29.0313800000
29.0297800000
29.0281800000
29.0265800000
29.0249800000
29.0233800000
29.0217700000
29.0201700000
29.0185600000
29.0169600000
29.0153500000
29.0137500000
29.0121400000
29.0105300000
29.0089200000
29.0073100000
29.0056900000
29.0040700000
29.0024500000
29.0008300000
28.9992000000
28.9975700000
28.9959400000
28.9943000000
28.9926600000
28.9910200000
28.9893800000
28.9877300000
28.9860800000
28.9844200000
28.9827700000
28.9811100000
28.9794400000
28.9777800000
28.9761000000
28.9744300000
28.9727500000
28.9710700000
28.9693900000
28.9677000000
28.9660100000
28.9643100000
28.9626200000
28.9609200000
28.9592200000
28.9575100000
28.9558000000
28.9540900000
28.9523800000
28.9506700000
28.9489600000
28.9472400000
28.9455200000
28.9438000000
28.9420700000
28.9403400000
28.9386100000
28.9368800000
28.9351500000
28.9334200000
28.9316900000
28.9299500000
28.9282200000
28.9264800000
28.9247400000
28.9230000000
28.9212600000
28.9195200000
28.9177800000
28.9160400000
28.9143000000
28.9125600000
28.9108200000
28.9090800000
28.9073400000
28.9056000000
28.9038600000
28.9021100000
28.9003700000
28.8986300000
28.8968900000
28.8951400000
28.8934000000
28.8916600000
28.8899100000
28.8881700000
28.8864200000
28.8846700000
28.8829200000
28.8811700000
28.8794200000
28.8776700000
28.8759200000
28.8741700000
28.8724200000
28.8706600000
28.8689100000
28.8671500000
28.8653900000
28.8636300000
28.8618700000
28.8601100000
28.8583500000
28.8565900000
28.8548300000
28.8530700000
28.8513100000
28.8495400000
28.8477700000
28.8460000000
28.8442300000
28.8424600000
28.8406900000
28.8389200000
28.8371400000
28.8353600000
28.8335800000
28.8317900000
28.8300100000
28.8282200000
28.8264400000
28.8246500000
28.8228600000
28.8210700000
28.8192800000
28.8174900000
28.8157000000
28.8139100000
28.8121100000
28.8103200000
28.8085200000
28.8067200000
28.8049200000
28.8031200000
28.8013100000
28.7995100000
28.7977000000
28.7958900000
28.7940800000
28.7922700000
28.7904600000
28.7886400000
28.7868200000
28.7850100000
28.7831900000
28.7813600000
28.7795400000
28.7777200000
28.7758900000
28.7740600000
28.7722300000
28.7704000000
28.7685700000
28.7667400000
28.7649000000
28.7630600000
28.7612200000
28.7593900000
28.7575500000
28.7557000000
28.7538600000
28.7520200000
28.7501700000
28.7483200000
28.7464800000
28.7446300000
28.7427700000
28.7409200000
28.7390700000
28.7372200000
28.7353600000
28.7335100000
28.7316600000
28.7298000000
28.7279400000
28.7260900000
28.7242300000
28.7223600000
28.7205000000
28.7186400000
28.7167700000
28.7149100000
28.7130400000
28.7111700000
28.7093000000
28.7074300000
28.7055500000
28.7036800000
28.7018000000
28.6999200000
28.6980400000
28.6961600000
28.6942800000
28.6924000000
28.6905100000
28.6886300000
28.6867400000
28.6848500000
28.6829600000
28.6810700000
28.6791800000
28.6772800000
28.6753900000
28.6734900000
28.6716000000
28.6697000000
28.6678000000
28.6659000000
28.6640000000
28.6620900000
28.6601900000
28.6582800000
28.6563700000
28.6544600000
28.6525500000
28.6506300000
28.6487100000
28.6467900000
28.6448700000
28.6429500000
28.6410300000
28.6391100000
28.6371800000
28.6352500000
28.6333200000
28.6313900000
28.6294600000
28.6275200000
28.6255900000
28.6236500000
28.6217100000
28.6197700000
28.6178300000
28.6158800000
28.6139400000
28.6119900000
28.6100500000
28.6081000000
28.6061500000
28.6042000000
28.6022600000
28.6003100000
28.5983600000
28.5964100000
28.5944700000
28.5925200000
28.5905700000
28.5886200000
28.5866700000
28.5847100000
28.5827600000
28.5808100000
28.5788600000
28.5769000000
28.5749500000
28.5729900000
28.5710400000
28.5690800000
28.5671200000
28.5651600000
28.5631900000
28.5612300000
28.5592600000
28.5573000000
28.5553300000
28.5533600000
28.5513900000
28.5494200000
28.5474400000
28.5454600000
28.5434800000
28.5415000000
28.5395200000
28.5375300000
28.5355500000
28.5335600000
28.5315700000
28.5295800000
28.5276000000
28.5256100000
28.5236200000
28.5216200000
28.5196300000
28.5176400000
28.5156400000
28.5136500000
28.5116500000
28.5096600000
28.5076600000
28.5056600000
28.5036700000
28.5016700000
28.4996700000
28.4976700000
28.4956700000
28.4936600000
28.4916600000
28.4896600000
28.4876600000
28.4856500000
28.4836500000
28.4816400000
28.4796300000
28.4776200000
28.4756100000
28.4736000000
28.4715900000
28.4695700000
28.4675500000
28.4655300000
28.4635100000
28.4614900000
28.4594600000
28.4574300000
28.4554000000
28.4533700000
28.4513300000
28.4492900000
28.4472500000
28.4452100000
28.4431700000
28.4411300000
28.4390800000
28.4370300000
28.4349800000
28.4329300000
28.4308800000
28.4288300000
28.4267800000
28.4247200000
28.4226700000
28.4206100000
28.4185500000
28.4165000000
28.4144400000
28.4123800000
28.4103200000
28.4082600000
28.4061900000
28.4041300000
28.4020700000
28.4000100000
28.3979400000
28.3958700000
28.3938100000
28.3917400000
28.3896700000
28.3876000000
28.3855200000
28.3834500000
28.3813700000
28.3793000000
28.3772200000
28.3751400000
28.3730600000
28.3709800000
28.3689000000
28.3668200000
28.3647300000
28.3626500000
28.3605600000
28.3584700000
28.3563700000
28.3542800000
28.3521800000
28.3500800000
28.3479800000
28.3458800000
28.3437800000
28.3416800000
28.3395700000
28.3374700000
28.3353600000
28.3332500000
28.3311400000
28.3290300000
28.3269200000
28.3248100000
28.3227000000
28.3205900000
28.3184700000
28.3163600000
28.3142400000
28.3121200000
28.3100000000
28.3078800000
28.3057600000
28.3036300000
28.3015100000
28.2993800000
28.2972500000
28.2951100000
28.2929800000
28.2908400000
28.2887000000
28.2865600000
28.2844200000
28.2822800000
28.2801300000
28.2779900000
28.2758400000
28.2736900000
28.2715400000
28.2693900000
28.2672300000
28.2650800000
28.2629200000
28.2607700000
28.2586000000
28.2564400000
28.2542700000
28.2521100000
28.2499400000
28.2477700000
28.2456000000
28.2434300000
28.2412600000
28.2390900000
28.2369100000
28.2347400000
28.2325600000
28.2303800000
28.2282000000
28.2260200000
28.2238400000
28.2216600000
28.2194700000
28.2172900000
28.2151000000
28.2129100000
28.2107200000
28.2085300000
28.2063400000
28.2041500000
28.2019600000
28.1997600000
28.1975700000
28.1953700000
28.1931700000
28.1909700000
28.1887700000
28.1865700000
28.1843700000
28.1821600000
28.1799600000
28.1777500000
28.1755400000
28.1733400000
28.1711300000
28.1689200000
28.1667100000
28.1645000000
28.1622900000
28.1600800000
28.1578600000
28.1556500000
28.1534300000
28.1512200000
28.1490000000
28.1467800000
28.1445600000
28.1423400000
28.1401100000
28.1378900000
28.1356700000
28.1334400000
28.1312100000
28.1289800000
28.1267500000
28.1245200000
28.1222900000
28.1200500000
28.1178200000
28.1155800000
28.1133400000
28.1111000000
28.1088500000
28.1066100000
28.1043600000
28.1021100000
28.0998600000
28.0976100000
28.0953600000
28.0931000000
28.0908500000
28.0885900000
28.0863300000
28.0840700000
28.0818100000
28.0795500000
28.0772800000
28.0750200000
28.0727500000
28.0704900000
28.0682200000
28.0659500000
28.0636800000
28.0614100000
28.0591300000
28.0568600000
28.0545800000
28.0523100000
28.0500300000
28.0477500000
28.0454700000
28.0431900000
28.0409100000
28.0386200000
28.0363400000
28.0340500000
28.0317600000
28.0294800000
28.0271900000
28.0248900000
28.0226000000
28.0203100000
28.0180100000
28.0157200000
28.0134200000
28.0111200000
28.0088200000
28.0065200000
28.0042200000
28.0019100000
27.9996100000
27.9973000000
27.9949900000
27.9926800000
27.9903700000
27.9880500000
27.9857400000
27.9834200000
27.9811000000
27.9787800000
27.9764600000
27.9741400000
27.9718100000
27.9694900000
27.9671600000
27.9648300000
27.9625000000
27.9601700000
27.9578400000
27.9555100000
27.9531700000
27.9508400000
27.9485000000
27.9461600000
27.9438200000
27.9414800000
27.9391300000
27.9367900000
27.9344500000
27.9321000000
27.9297500000
27.9274000000
27.9250500000
27.9227000000
27.9203500000
27.9180000000
27.9156400000
27.9132900000
27.9109300000
27.9085700000
27.9062100000
27.9038500000
27.9014900000
27.8991300000
27.8967700000
27.8944100000
27.8920400000
27.8896800000
27.8873100000
27.8849400000
27.8825800000
27.8802100000
27.8778300000
27.8754600000
27.8730900000
27.8707100000
27.8683300000
27.8659600000
27.8635700000
27.8611900000
27.8588100000
27.8564300000
27.8540400000
27.8516600000
27.8492700000
27.8468800000
27.8444900000
27.8421000000
27.8397100000
27.8373200000
27.8349200000
27.8325300000
27.8301300000
27.8277300000
27.8253300000
27.8229300000
27.8205200000
27.8181200000
27.8157200000
27.8133100000
27.8109000000
27.8084900000
27.8060800000
27.8036600000
27.8012500000
27.7988300000
27.7964100000
27.7939900000
27.7915600000
27.7891400000
27.7867100000
27.7842800000
27.7818500000
27.7794200000
27.7769900000
27.7745600000
27.7721300000
27.7696900000
27.7672500000
27.7648100000
27.7623700000
27.7599300000
27.7574900000
27.7550400000
27.7526000000
27.7501500000
27.7477000000
27.7452500000
27.7428000000
27.7403500000
27.7379000000
27.7354400000
27.7329900000
27.7305300000
27.7280700000
27.7256100000
27.7231500000
27.7206900000
27.7182200000
27.7157600000
27.7132900000
27.7108300000
27.7083600000
27.7058900000
27.7034200000
27.7009500000
27.6984700000
27.6960000000
27.6935200000
27.6910400000
27.6885600000
27.6860800000
27.6836000000
27.6811100000
27.6786200000
27.6761300000
27.6736400000
27.6711500000
27.6686600000
27.6661600000
27.6636600000
27.6611700000
27.6586700000
27.6561700000
27.6536700000
27.6511700000
27.6486600000
27.6461600000
27.6436500000
27.6411300000
27.6386200000
27.6361100000
27.6336000000
27.6310800000
27.6285700000
27.6260500000
27.6235400000
27.6210200000
27.6185000000
27.6159800000
27.6134600000
27.6109400000
27.6084200000
27.6058900000
27.6033600000
27.6008400000
27.5983100000
27.5957800000
27.5932500000
27.5907200000
27.5881900000
27.5856600000
27.5831200000
27.5805800000
27.5780400000
27.5754900000
27.5729500000
27.5704000000
27.5678600000
27.5653100000
27.5627600000
27.5602100000
27.5576600000
27.5551000000
27.5525500000
27.5500000000
27.5474400000
27.5448800000
27.5423300000
27.5397700000
27.5372200000
27.5346600000
27.5321000000
27.5295400000
27.5269900000
27.5244300000
27.5218700000
27.5193100000
27.5167400000
27.5141800000
27.5116200000
27.5090600000
27.5064900000
27.5039300000
27.5013700000
27.4988000000
27.4962400000
27.4936700000
27.4911000000
27.4885300000
27.4859600000
27.4833900000
27.4808200000
27.4782400000
27.4756700000
27.4730900000
27.4705100000
27.4679300000
27.4653500000
27.4627600000
27.4601800000
27.4575900000
27.4550000000
27.4524100000
27.4498100000
27.4472100000
27.4446200000
27.4420200000
27.4394100000
27.4368000000
27.4341900000
27.4315900000
27.4289700000
27.4263500000
27.4237300000
27.4211100000
27.4184900000
27.4158600000
27.4132300000
27.4106000000
27.4079700000
27.4053300000
27.4026900000
27.4000500000
27.3974100000
27.3947600000
27.3921100000
27.3894600000
27.3868100000
27.3841600000
27.3815000000
27.3788400000
27.3761800000
27.3735200000
27.3708500000
27.3681800000
27.3655100000
27.3628300000
27.3601600000
27.3574800000
27.3548100000
27.3521300000
27.3494500000
27.3467700000
27.3440900000
27.3414000000
27.3387200000
27.3360300000
27.3333400000
27.3306500000
27.3279600000
27.3252700000
27.3225800000
27.3198900000
27.3171900000
27.3145000000
27.3118000000
27.3091000000
27.3064000000
27.3037000000
27.3010000000
27.2983000000
27.2955900000
27.2928900000
27.2901800000
27.2874800000
27.2847700000
27.2820700000
27.2793600000
27.2766500000
27.2739400000
27.2712300000
27.2685200000
27.2658100000
27.2631000000
27.2603800000
27.2576700000
27.2549500000
27.2522300000
27.2495100000
27.2467900000
27.2440700000
27.2413400000
27.2386200000
27.2359000000
27.2331700000
27.2304400000
27.2277100000
27.2249800000
27.2222400000
27.2195100000
27.2167700000
27.2140300000
27.2112900000
27.2085500000
27.2058000000
27.2030500000
27.2002900000
27.1975400000
27.1947800000
27.1920300000
27.1892700000
27.1865000000
27.1837400000
27.1809800000
27.1782200000
27.1754500000
27.1726900000
27.1699200000
27.1671600000
27.1643900000
27.1616200000
27.1588500000
27.1560800000
27.1533000000
27.1505200000
27.1477400000
27.1449600000
27.1421900000
27.1394100000
27.1366300000
27.1338600000
27.1310800000
27.1283000000
27.1255100000
27.1227400000
27.1199600000
27.1171800000
27.1144000000
27.1116200000
27.1088400000
27.1060600000
27.1032800000
27.1005000000
27.0977100000
27.0949300000
27.0921500000
27.0893700000
27.0865900000
27.0838000000
27.0810200000
27.0782400000
27.0754500000
27.0726700000
27.0698800000
27.0670900000
27.0643100000
27.0615200000
27.0587300000
27.0559400000
27.0531500000
27.0503600000
27.0475700000
27.0447800000
27.0419800000
27.0391800000
27.0363900000
27.0335900000
27.0307800000
27.0279800000
27.0251700000
27.0223600000
27.0195600000
27.0167500000
27.0139400000
27.0111200000
27.0083100000
27.0054900000
27.0026600000
26.9998400000
26.9970100000
26.9941800000
26.9913500000
26.9885200000
26.9856800000
26.9828400000
26.9800000000
26.9771500000
26.9743000000
26.9714500000
26.9686000000
26.9657500000
26.9628900000
26.9600300000
26.9571700000
26.9543100000
26.9514400000
26.9485800000
26.9457100000
26.9428300000
26.9399600000
26.9370800000
26.9342000000
26.9313200000
26.9284400000
26.9255600000
26.9226700000
26.9197800000
26.9168900000
26.9140000000
26.9111000000
26.9082000000
26.9053000000
26.9024000000
26.8995000000
26.8965900000
26.8936800000
26.8907700000
26.8878600000
26.8849500000
26.8820300000
26.8791100000
26.8761900000
26.8732700000
26.8703500000
26.8674300000
26.8645000000
26.8615700000
26.8586400000
26.8557000000
26.8527700000
26.8498300000
26.8468900000
26.8439500000
26.8410100000
26.8380700000
26.8351200000
26.8321800000
26.8292300000
26.8262800000
26.8233200000
26.8203700000
26.8174200000
26.8144600000
26.8115100000
26.8085500000
26.8055900000
26.8026300000
26.7996700000
26.7967100000
26.7937500000
26.7907900000
26.7878300000
26.7848600000
26.7819000000
26.7789300000
26.7759700000
26.7730000000
26.7700300000
26.7670600000
26.7640900000
26.7611200000
26.7581500000
26.7551800000
26.7522100000
26.7492400000
26.7462700000
26.7432900000
26.7403200000
26.7373500000
26.7343800000
26.7314000000
26.7284300000
26.7254500000
26.7224800000
26.7195000000
26.7165200000
26.7135400000
26.7105500000
26.7075700000
26.7045900000
26.7016000000
26.6986200000
26.6956300000
26.6926400000
26.6896500000
26.6866600000
26.6836700000
26.6806700000
26.6776800000
26.6746800000
26.6716800000
26.6686800000
26.6656700000
26.6626600000
26.6596500000
26.6566400000
26.6536300000
26.6506200000
26.6476000000
26.6445800000
26.6415600000
26.6385300000
26.6355100000
26.6324700000
26.6294400000
26.6264100000
26.6233700000
26.6203300000
26.6172800000
26.6142300000
26.6111800000
26.6081200000
26.6050700000
26.6020100000
26.5989500000
26.5958800000
26.5928100000
26.5897400000
26.5866700000
26.5836000000
26.5805300000
26.5774500000
26.5743700000
26.5712900000
26.5682100000
26.5651300000
26.5620500000
26.5589700000
26.5558900000
26.5528000000
26.5497200000
26.5466300000
26.5435400000
26.5404600000
26.5373700000
26.5342800000
26.5311900000
26.5281000000
26.5250200000
26.5219300000
26.5188400000
26.5157500000
26.5126600000
26.5095700000
26.5064800000
26.5033900000
26.5003000000
26.4972100000
26.4941200000
26.4910300000
26.4879400000
26.4848500000
26.4817500000
26.4786600000
26.4755700000
26.4724800000
26.4693800000
26.4662900000
26.4631900000
26.4600900000
26.4570000000
26.4539000000
26.4508000000
26.4477000000
26.4446000000
26.4415100000
26.4384000000
26.4353000000
26.4322000000
26.4290900000
26.4259900000
26.4228800000
26.4197700000
26.4166600000
26.4135500000
26.4104400000
26.4073200000
26.4042000000
26.4010800000
26.3979500000
26.3948200000
26.3916900000
26.3885600000
26.3854200000
26.3822800000
26.3791300000
26.3759800000
26.3728300000
26.3696800000
26.3665300000
26.3633700000
26.3602100000
26.3570500000
26.3538800000
26.3507200000
26.3475500000
26.3443700000
26.3412000000
26.3380200000
26.3348400000
26.3316600000
26.3284700000
26.3252800000
26.3220900000
26.3189000000
26.3157000000
26.3125100000
26.3093100000
26.3061100000
26.3029100000
26.2997000000
26.2965000000
26.2932900000
26.2900800000
26.2868700000
26.2836500000
26.2804400000
26.2772200000
26.2740000000
26.2707800000
26.2675600000
26.2643300000
26.2611100000
26.2578800000
26.2546500000
26.2514200000
26.2481900000
26.2449600000
26.2417200000
26.2384900000
26.2352500000
26.2320100000
26.2287700000
26.2255300000
26.2222900000
26.2190400000
26.2157900000
26.2125500000
26.2093000000
26.2060500000
26.2028000000
26.1995400000
26.1962900000
26.1930300000
26.1897800000
26.1865200000
26.1832600000
26.1800000000
26.1767400000
26.1734800000
26.1702200000
26.1669500000
26.1636800000
26.1604100000
26.1571400000
26.1538700000
26.1506000000
26.1473200000
26.1440500000
26.1407700000
26.1375000000
26.1342200000
26.1309500000
26.1276700000
26.1243900000
26.1211100000
26.1178200000
26.1145400000
26.1112500000
26.1079600000
26.1046800000
26.1013900000
26.0980900000
26.0948000000
26.0915100000
26.0882100000
26.0849100000
26.0816100000
26.0783100000
26.0750000000
26.0717000000
26.0683900000
26.0650800000
26.0617700000
26.0584500000
26.0551400000
26.0518200000
26.0485000000
26.0451800000
26.0418600000
26.0385300000
26.0352000000
26.0318700000
26.0285400000
26.0252100000
26.0218800000
26.0185500000
26.0152100000
26.0118800000
26.0085400000
26.0052000000
26.0018600000
25.9985100000
25.9951700000
25.9918200000
25.9884700000
25.9851200000
25.9817700000
25.9784100000
25.9750600000
25.9717000000
25.9683400000
25.9649800000
25.9616100000
25.9582500000
25.9548800000
25.9515100000
25.9481400000
25.9447700000
25.9413900000
25.9380100000
25.9346400000
25.9312500000
25.9278700000
25.9244900000
25.9211000000
25.9177200000
25.9143300000
25.9109400000
25.9075500000
25.9041500000
25.9007500000
25.8973600000
25.8939600000
25.8905600000
25.8871500000
25.8837500000
25.8803500000
25.8769400000
25.8735300000
25.8701100000
25.8667000000
25.8632900000
25.8598700000
25.8564500000
25.8530300000
25.8496100000
25.8461900000
25.8427700000
25.8393400000
25.8359100000
25.8324800000
25.8290500000
25.8256100000
25.8221800000
25.8187400000
25.8153100000
25.8118700000
25.8084300000
25.8049900000
25.8015400000
25.7981000000
25.7946500000
25.7912100000
25.7877600000
25.7843100000
25.7808500000
25.7774000000
25.7739400000
25.7704800000
25.7670200000
25.7635600000
25.7600900000
25.7566200000
25.7531500000
25.7496800000
25.7462100000
25.7427300000
25.7392600000
25.7357800000
25.7323000000
25.7288200000
25.7253300000
25.7218400000
25.7183600000
25.7148700000
25.7113800000
25.7078900000
25.7044000000
25.7009000000
25.6974000000
25.6939000000
25.6904000000
25.6869000000
25.6833900000
25.6798900000
25.6763800000
25.6728700000
25.6693600000
25.6658500000
25.6623300000
25.6588200000
25.6553000000
25.6517800000
25.6482600000
25.6447400000
25.6412200000
25.6377000000
25.6341700000
25.6306400000
25.6271100000
25.6235800000
25.6200400000
25.6165100000
25.6129700000
25.6094400000
25.6059000000
25.6023500000
25.5988100000
25.5952600000
25.5917100000
25.5881700000
25.5846200000
25.5810700000
25.5775100000
25.5739500000
25.5703900000
25.5668300000
25.5632700000
25.5597100000
25.5561400000
25.5525800000
25.5490100000
25.5454400000
25.5418600000
25.5382900000
25.5347100000
25.5311300000
25.5275500000
25.5239700000
25.5203900000
25.5168000000
25.5132100000
25.5096200000
25.5060300000
25.5024400000
25.4988500000
25.4952500000
25.4916500000
25.4880500000
25.4844500000
25.4808400000
25.4772400000
25.4736300000
25.4700200000
25.4664100000
25.4627900000
25.4591800000
25.4555600000
25.4519400000
25.4483200000
25.4446900000
25.4410700000
25.4374400000
25.4338200000
25.4301800000
25.4265500000
25.4229200000
25.4192800000
25.4156400000
25.4120100000
25.4083700000
25.4047300000
25.4010800000
25.3974400000
25.3937900000
25.3901400000
25.3864800000
25.3828300000
25.3791800000
25.3755200000
25.3718600000
25.3682000000
25.3645400000
25.3608700000
25.3572100000
25.3535400000
25.3498700000
25.3461900000
25.3425200000
25.3388400000
25.3351600000
25.3314800000
25.3278000000
25.3241100000
25.3204200000
25.3167300000
25.3130400000
25.3093500000
25.3056500000
25.3019600000
25.2982500000
25.2945500000
25.2908500000
25.2871400000
25.2834300000
25.2797300000
25.2760100000
25.2723000000
25.2685800000
25.2648600000
25.2611400000
25.2574300000
25.2537000000
25.2499800000
25.2462500000
25.2425200000
25.2387900000
25.2350600000
25.2313200000
25.2275800000
25.2238500000
25.2201100000
25.2163700000
25.2126200000
25.2088700000
25.2051200000
25.2013700000
25.1976200000
25.1938700000
25.1901100000
25.1863500000
25.1825900000
25.1788200000
25.1750500000
25.1712900000
25.1675100000
25.1637400000
25.1599700000
25.1561900000
25.1524100000
25.1486300000
25.1448500000
25.1410700000
25.1372800000
25.1335000000
25.1297100000
25.1259200000
25.1221300000
25.1183400000
25.1145400000
25.1107500000
25.1069500000
25.1031500000
25.0993500000
25.0955400000
25.0917400000
25.0879300000
25.0841200000
25.0803100000
25.0765000000
25.0726800000
25.0688600000
25.0650500000
25.0612300000
25.0574100000
25.0535800000
25.0497600000
25.0459300000
25.0421000000
25.0382700000
25.0344400000
25.0306100000
25.0267700000
25.0229400000
25.0191000000
25.0152600000
25.0114200000
25.0075800000
25.0037400000
24.9998900000
24.9960500000
24.9922000000
24.9883500000
24.9845000000
24.9806400000
24.9767900000
24.9729300000
24.9690700000
24.9652100000
24.9613500000
24.9574900000
24.9536200000
24.9497500000
24.9458800000
24.9420100000
24.9381400000
24.9342600000
24.9303800000
24.9265000000
24.9226200000
24.9187400000
24.9148500000
24.9109700000
24.9070800000
24.9031800000
24.8992900000
24.8953900000
24.8914900000
24.8875900000
24.8836900000
24.8797900000
24.8758800000
24.8719700000
24.8680600000
24.8641500000
24.8602400000
24.8563200000
24.8524000000
24.8484800000
24.8445500000
24.8406300000
24.8367000000
24.8327700000
24.8288300000
24.8249000000
24.8209600000
24.8170200000
24.8130800000
24.8091400000
24.8051900000
24.8012400000
24.7972900000
24.7933300000
24.7893800000
24.7854200000
24.7814700000
24.7775100000
24.7735400000
24.7695700000
24.7656000000
24.7616300000
24.7576600000
24.7536800000
24.7497100000
24.7457300000
24.7417400000
24.7377600000
24.7337700000
24.7297800000
24.7257900000
24.7218000000
24.7178100000
24.7138100000
24.7098100000
24.7058100000
24.7018100000
24.6978100000
24.6938100000
24.6898000000
24.6857900000
24.6817800000
24.6777700000
24.6737500000
24.6697400000
24.6657200000
24.6617000000
24.6576800000
24.6536700000
24.6496400000
24.6456200000
24.6416000000
24.6375700000
24.6335500000
24.6295200000
24.6254900000
24.6214500000
24.6174200000
24.6133800000
24.6093400000
24.6053000000
24.6012600000
24.5972100000
24.5931600000
24.5891200000
24.5850600000
24.5810100000
24.5769500000
24.5729000000
24.5688400000
24.5647700000
24.5607100000
24.5566400000
24.5525700000
24.5485000000
24.5444300000
24.5403500000
24.5362800000
24.5322000000
24.5281100000
24.5240300000
24.5199400000
24.5158500000
24.5117600000
24.5076600000
24.5035600000
24.4994700000
24.4953600000
24.4912600000
24.4871500000
24.4830400000
24.4789300000
24.4748100000
24.4706900000
24.4665700000
24.4624500000
24.4583200000
24.4542000000
24.4500600000
24.4459300000
24.4418000000
24.4376600000
24.4335200000
24.4293800000
24.4252400000
24.4210900000
24.4169400000
24.4127900000
24.4086400000
24.4044800000
24.4003200000
24.3961600000
24.3919900000
24.3878300000
24.3836600000
24.3794800000
24.3753100000
24.3711300000
24.3669500000
24.3627600000
24.3585700000
24.3543800000
24.3501900000
24.3459900000
24.3417900000
24.3375900000
24.3333800000
24.3291700000
24.3249600000
24.3207500000
24.3165300000
24.3123100000
24.3080900000
24.3038700000
24.2996500000
24.2954200000
24.2912000000
24.2869700000
24.2827300000
24.2785000000
24.2742700000
24.2700300000
24.2657900000
24.2615500000
24.2573100000
24.2530700000
24.2488200000
24.2445700000
24.2403200000
24.2360700000
24.2318100000
24.2275600000
24.2233000000
24.2190400000
24.2147700000
24.2105100000
24.2062500000
24.2019800000
24.1977100000
24.1934400000
24.1891700000
24.1848900000
24.1806100000
24.1763300000
24.1720500000
24.1677600000
24.1634700000
24.1591800000
24.1548900000
24.1506000000
24.1463000000
24.1420100000
24.1377100000
24.1334100000
24.1291000000
24.1248000000
24.1204900000
24.1161900000
24.1118800000
24.1075700000
24.1032600000
24.0989400000
24.0946200000
24.0903000000
24.0859800000
24.0816600000
24.0773300000
24.0730100000
24.0686800000
24.0643500000
24.0600200000
24.0556900000
24.0513600000
24.0470200000
24.0426800000
24.0383400000
24.0340000000
24.0296600000
24.0253200000
24.0209700000
24.0166200000
24.0122700000
24.0079200000
24.0035600000
23.9992000000
23.9948400000
23.9904800000
23.9861200000
23.9817500000
23.9773800000
23.9730100000
23.9686300000
23.9642600000
23.9598800000
23.9555000000
23.9511100000
23.9467200000
23.9423400000
23.9379400000
23.9335500000
23.9291600000
23.9247600000
23.9203600000
23.9159500000
23.9115500000
23.9071400000
23.9027300000
23.8983100000
23.8938900000
23.8894700000
23.8850500000
23.8806200000
23.8762000000
23.8717700000
23.8673400000
23.8629000000
23.8584600000
23.8540200000
23.8495800000
23.8451300000
23.8406800000
23.8362300000
23.8317800000
23.8273200000
23.8228700000
23.8184000000
23.8139400000
23.8094700000
23.8050000000
23.8005300000
23.7960600000
23.7915800000
23.7870900000
23.7826100000
23.7781300000
23.7736400000
23.7691400000
23.7646500000
23.7601500000
23.7556500000
23.7511500000
23.7466400000
23.7421400000
23.7376300000
23.7331200000
23.7286000000
23.7240800000
23.7195700000
23.7150500000
23.7105200000
23.7060000000
23.7014700000
23.6969400000
23.6924100000
23.6878700000
23.6833400000
23.6788000000
23.6742600000
23.6697100000
23.6651600000
23.6606100000
23.6560600000
23.6515100000
23.6469500000
23.6423900000
23.6378300000
23.6332600000
23.6286900000
23.6241200000
23.6195400000
23.6149600000
23.6103800000
23.6057900000
23.6012100000
23.5966200000
23.5920300000
23.5874300000
23.5828300000
23.5782300000
23.5736300000
23.5690200000
23.5644100000
23.5598000000
23.5551900000
23.5505700000
23.5459500000
23.5413300000
23.5367000000
23.5320800000
23.5274500000
23.5228200000
23.5181800000
23.5135500000
23.5089100000
23.5042600000
23.4996200000
23.4949700000
23.4903200000
23.4856700000
23.4810200000
23.4763700000
23.4717100000
23.4670500000
23.4623900000
23.4577300000
23.4530700000
23.4484000000
23.4437400000
23.4390700000
23.4344000000
23.4297200000
23.4250500000
23.4203700000
23.4156900000
23.4110100000
23.4063200000
23.4016300000
23.3969400000
23.3922500000
23.3875600000
23.3828700000
23.3781700000
23.3734700000
23.3687700000
23.3640700000
23.3593700000
23.3546700000
23.3499600000
23.3452500000
23.3405500000
23.3358400000
23.3311300000
23.3264100000
23.3217000000
23.3169800000
23.3122600000
23.3075400000
23.3028200000
23.2981000000
23.2933700000
23.2886400000
23.2839100000
23.2791800000
23.2744500000
23.2697100000
23.2649700000
23.2602300000
23.2554800000
23.2507400000
23.2459900000
23.2412400000
23.2364800000
23.2317200000
23.2269600000
23.2222000000
23.2174400000
23.2126700000
23.2079000000
23.2031300000
23.1983500000
23.1935700000
23.1887900000
23.1840000000
23.1792100000
23.1744200000
23.1696300000
23.1648300000
23.1600300000
23.1552300000
23.1504200000
23.1456100000
23.1408000000
23.1359800000
23.1311600000
23.1263400000
23.1215100000
23.1166800000
23.1118500000
23.1070100000
23.1021700000
23.0973300000
23.0924900000
23.0876400000
23.0827900000
23.0779300000
23.0730800000
23.0682200000
23.0633600000
23.0584900000
23.0536300000
23.0487600000
23.0438900000
23.0390100000
23.0341400000
23.0292600000
23.0243800000
23.0195000000
23.0146100000
23.0097200000
23.0048400000
22.9999400000
22.9950400000
22.9901500000
22.9852500000
22.9803500000
22.9754400000
22.9705400000
22.9656300000
22.9607200000
22.9558100000
22.9509000000
22.9459800000
22.9410600000
22.9361500000
22.9312300000
22.9263100000
22.9213800000
22.9164600000
22.9115300000
22.9066000000
22.9016700000
22.8967300000
22.8918000000
22.8868600000
22.8819200000
22.8769800000
22.8720400000
22.8670900000
22.8621400000
22.8571900000
22.8522300000
22.8472800000
22.8423200000
22.8373500000
22.8323900000
22.8274300000
22.8224600000
22.8174900000
22.8125100000
22.8075400000
22.8025600000
22.7975700000
22.7925900000
22.7876000000
22.7826100000
22.7776200000
22.7726200000
22.7676200000
22.7626200000
22.7576100000
22.7526100000
22.7476000000
22.7425900000
22.7375700000
22.7325600000
22.7275400000
22.7225200000
22.7174900000
22.7124700000
22.7074400000
22.7024100000
22.6973800000
22.6923400000
22.6873000000
22.6822600000
22.6772200000
22.6721800000
22.6671300000
22.6620800000
22.6570300000
22.6519800000
22.6469300000
22.6418700000
22.6368100000
22.6317500000
22.6266800000
22.6216200000
22.6165500000
22.6114800000
22.6064100000
22.6013300000
22.5962500000
22.5911800000
22.5860900000
22.5810100000
22.5759200000
22.5708400000
22.5657500000
22.5606600000
22.5555600000
22.5504700000
22.5453700000
22.5402700000
22.5351700000
22.5300700000
22.5249700000
22.5198700000
22.5147600000
22.5096500000
22.5045400000
22.4994300000
22.4943200000
22.4892000000
22.4840900000
22.4789700000
22.4738500000
22.4687300000
22.4636100000
22.4584900000
22.4533600000
22.4482300000
22.4431000000
22.4379700000
22.4328400000
22.4277100000
22.4225700000
22.4174400000
22.4123000000
22.4071600000
22.4020200000
22.3968700000
22.3917300000
22.3865800000
22.3814400000
22.3762900000
22.3711400000
22.3659900000
22.3608400000
22.3556800000
22.3505200000
22.3453600000
22.3402000000
22.3350300000
22.3298700000
22.3247000000
22.3195400000
22.3143600000
22.3091900000
22.3040200000
22.2988400000
22.2936600000
22.2884800000
22.2833100000
22.2781300000
22.2729400000
22.2677600000
22.2625700000
22.2573800000
22.2521900000
22.2470000000
22.2418100000
22.2366200000
22.2314200000
22.2262200000
22.2210300000
22.2158200000
22.2106200000
22.2054200000
22.2002200000
22.1950100000
22.1898100000
22.1846000000
22.1793900000
22.1741800000
22.1689600000
22.1637500000
22.1585300000
22.1533200000
22.1481000000
22.1428800000
22.1376600000
22.1324400000
22.1272100000
22.1219900000
22.1167700000
22.1115400000
22.1063200000
22.1010900000
22.0958600000
22.0906300000
22.0854000000
22.0801600000
22.0749200000
22.0696900000
22.0644500000
22.0592100000
22.0539700000
22.0487300000
22.0434800000
22.0382400000
22.0329900000
22.0277400000
22.0225000000
22.0172500000
22.0120000000
22.0067600000
22.0015000000
21.9962500000
21.9910000000
21.9857500000
21.9805000000
21.9752500000
21.9700000000
21.9647500000
21.9595000000
21.9542500000
21.9490000000
21.9437400000
21.9384900000
21.9332400000
21.9279900000
21.9227400000
21.9174900000
21.9122400000
21.9070000000
21.9017500000
21.8965000000
21.8912500000
21.8860100000
21.8807700000
21.8755300000
21.8702900000
21.8650500000
21.8598100000
21.8545700000
21.8493300000
21.8440900000
21.8388500000
21.8336100000
21.8283700000
21.8231400000
21.8179000000
21.8126700000
21.8074300000
21.8021900000
21.7969600000
21.7917200000
21.7864800000
21.7812500000
21.7760100000
21.7707800000
21.7655400000
21.7603100000
21.7550700000
21.7498400000
21.7446000000
21.7393700000
21.7341400000
21.7289000000
21.7236700000
21.7184400000
21.7132100000
21.7079700000
21.7027400000
21.6975100000
21.6922800000
21.6870400000
21.6818100000
21.6765800000
21.6713400000
21.6661100000
21.6608800000
21.6556500000
21.6504200000
21.6451900000
21.6399600000
21.6347300000
21.6295000000
21.6242800000
21.6190500000
21.6138200000
21.6085900000
21.6033600000
21.5981400000
21.5929200000
21.5876900000
21.5824700000
21.5772500000
21.5720300000
21.5668100000
21.5615900000
21.5563700000
21.5511500000
21.5459300000
21.5407100000
21.5355000000
21.5302800000
21.5250700000
21.5198600000
21.5146400000
21.5094300000
21.5042200000
21.4990200000
21.4938100000
21.4886000000
21.4834000000
21.4782000000
21.4729900000
21.4678000000
21.4626000000
21.4574100000
21.4522100000
21.4470200000
21.4418300000
21.4366400000
21.4314600000
21.4262700000
21.4210900000
21.4159100000
21.4107300000
21.4055600000
21.4003800000
21.3952100000
21.3900400000
21.3848800000
21.3797100000
21.3745500000
21.3693900000
21.3642400000
21.3590900000
21.3539400000
21.3487900000
21.3436400000
21.3385000000
21.3333500000
21.3282200000
21.3230800000
21.3179500000
21.3128200000
21.3076900000
21.3025600000
21.2974400000
21.2923200000
21.2872000000
21.2820800000
21.2769700000
21.2718600000
21.2667500000
21.2616400000
21.2565300000
21.2514200000
21.2463200000
21.2412200000
21.2361200000
21.2310300000
21.2259300000
21.2208400000
21.2157500000
21.2106700000
21.2055800000
21.2005000000
21.1954200000
21.1903500000
21.1852700000
21.1802000000
21.1751300000
21.1700700000
21.1650000000
21.1599400000
21.1548800000
21.1498300000
21.1447800000
21.1397300000
21.1346800000
21.1296400000
21.1246000000
21.1195600000
21.1145300000
21.1095000000
21.1044700000
21.0994400000
21.0944200000
21.0894000000
21.0843800000
21.0793700000
21.0743600000
21.0693500000
21.0643400000
21.0593500000
21.0543500000
21.0493500000
21.0443600000
21.0393700000
21.0343800000
21.0294000000
21.0244200000
21.0194500000
21.0144700000
21.0095000000
21.0045300000
20.9995700000
20.9946000000
20.9896500000
20.9846900000
20.9797400000
20.9747900000
20.9698400000
20.9649000000
20.9599600000
20.9550200000
20.9500900000
20.9451700000
20.9402400000
20.9353200000
20.9304000000
20.9254900000
20.9205800000
20.9156700000
20.9107700000
20.9058700000
20.9009800000
20.8960900000
20.8912000000
20.8863100000
20.8814300000
20.8765500000
20.8716800000
20.8668100000
20.8619400000
20.8570700000
20.8522100000
20.8473500000
20.8425000000
20.8376400000
20.8327900000
20.8279500000
20.8231000000
20.8182600000
20.8134300000
20.8085900000
20.8037700000
20.7989400000
20.7941200000
20.7893100000
20.7844900000
20.7796900000
20.7748800000
20.7700800000
20.7652800000
20.7604900000
20.7557000000
20.7509100000
20.7461300000
20.7413500000
20.7365700000
20.7318000000
20.7270300000
20.7222700000
20.7175000000
20.7127500000
20.7079900000
20.7032400000
20.6985000000
20.6937500000
20.6890100000
20.6842800000
20.6795500000
20.6748300000
20.6701000000
20.6653800000
20.6606700000
20.6559500000
20.6512500000
20.6465500000
20.6418500000
20.6371500000
20.6324600000
20.6277700000
20.6230900000
20.6184100000
20.6137300000
20.6090600000
20.6043900000
20.5997200000
20.5950600000
20.5904100000
20.5857500000
20.5811100000
20.5764600000
20.5718300000
20.5671900000
20.5625600000
20.5579300000
20.5533000000
20.5486900000
20.5440700000
20.5394600000
20.5348500000
20.5302500000
20.5256500000
20.5210600000
20.5164700000
20.5118800000
20.5073000000
20.5027200000
20.4981500000
20.4935800000
20.4890200000
20.4844600000
20.4799000000
20.4753400000
20.4708000000
20.4662500000
20.4617100000
20.4571800000
20.4526500000
20.4481200000
20.4436000000
20.4390800000
20.4345600000
20.4300500000
20.4255500000
20.4210500000
20.4165500000
20.4120600000
20.4075700000
20.4030900000
20.3986100000
20.3941300000
20.3896600000
20.3851900000
20.3807300000
20.3762700000
20.3718100000
20.3673600000
20.3629100000
20.3584700000
20.3540200000
20.3495900000
20.3451500000
20.3407200000
20.3363000000
20.3318700000
20.3274600000
20.3230400000
20.3186300000
20.3142300000
20.3098300000
20.3054300000
20.3010300000
20.2966400000
20.2922500000
20.2878700000
20.2834900000
20.2791100000
20.2747400000
20.2703700000
20.2660000000
20.2616400000
20.2572900000
20.2529300000
20.2485800000
20.2442400000
20.2398900000
20.2355600000
20.2312200000
20.2268900000
20.2225700000
20.2182500000
20.2139300000
20.2096200000
20.2053100000
20.2010100000
20.1967100000
20.1924200000
20.1881200000
20.1838400000
20.1795500000
20.1752800000
20.1710000000
20.1667300000
20.1624600000
20.1581900000
20.1539300000
20.1496800000
20.1454300000
20.1411800000
20.1369300000
20.1326900000
20.1284500000
20.1242100000
20.1199800000
20.1157600000
20.1115300000
20.1073100000
20.1030900000
20.0988800000
20.0946700000
20.0904600000
20.0862600000
20.0820600000
20.0778600000
20.0736700000
20.0694800000
20.0652900000
20.0611100000
20.0569300000
20.0527500000
20.0485800000
20.0444100000
20.0402400000
20.0360800000
20.0319200000
20.0277600000
20.0236000000
20.0194500000
20.0153000000
20.0111500000
20.0070100000
20.0028700000
19.9987400000
