15.0000000000
15.0000000000
15.0000000000
15.0000000000
15.0000000000
15.0000000000
15.0000000000
15.0000000000
14.9999900000
14.9999700000
14.9999100000
14.9998100000
14.9996300000
14.9993600000
14.9989700000
14.9984600000
14.9978100000
14.9970500000
14.9961700000
14.9952000000
14.9941500000
14.9930300000
14.9918700000
14.9906800000
14.9894700000
14.9882600000
14.9870500000
14.9858500000
14.9846600000
14.9834700000
14.9822900000
14.9811100000
14.9799400000
14.9787800000
14.9776500000
14.9765400000
14.9754700000
14.9744300000
14.9734300000
14.9724700000
14.9715400000
14.9706300000
14.9697600000
14.9689200000
14.9680900000
14.9672900000
14.9665100000
14.9657200000
14.9649500000
14.9641700000
14.9633800000
14.9625900000
14.9617700000
14.9609400000
14.9600800000
14.9592000000
14.9582800000
14.9573400000
14.9563600000
14.9553400000
14.9542900000
14.9532100000
14.9521000000
14.9509500000
14.9497700000
14.9485700000
14.9473300000
14.9460600000
14.9447700000
14.9434600000
14.9421200000
14.9407600000
14.9393800000
14.9379900000
14.9365800000
14.9351700000
14.9337400000
14.9323000000
14.9308600000
14.9294100000
14.9279500000
14.9264900000
14.9250300000
14.9235700000
14.9221000000
14.9206300000
14.9191600000
14.9176900000
14.9162100000
14.9147300000
14.9132600000
14.9117700000
14.9102900000
14.9088000000
14.9073000000
14.9058000000
14.9043000000
14.9027900000
14.9012700000
14.8997500000
14.8982200000
14.8966800000
14.8951300000
14.8935700000
14.8920000000
14.8904200000
14.8888400000
14.8872400000
14.8856300000
14.8840100000
14.8823800000
14.8807400000
14.8790900000
14.8774200000
14.8757500000
14.8740600000
14.8723700000
14.8706600000
14.8689400000
14.8672100000
14.8654700000
14.8637200000
14.8619700000
14.8602000000
14.8584200000
14.8566400000
14.8548400000
14.8530400000
14.8512200000
14.8494000000
14.8475700000
14.8457200000
14.8438800000
14.8420200000
14.8401500000
14.8382800000
14.8364000000
14.8345100000
14.8326100000
14.8307000000
14.8287900000
14.8268600000
14.8249300000
14.8229800000
14.8210400000
14.8190800000
14.8171100000
14.8151400000
14.8131500000
14.8111600000
14.8091500000
14.8071400000
14.8051200000
14.8030900000
14.8010500000
14.7990100000
14.7969500000
14.7948800000
14.7928100000
14.7907200000
14.7886300000
14.7865300000
14.7844100000
14.7822900000
14.7801600000
14.7780200000
14.7758700000
14.7737100000
14.7715400000
14.7693700000
14.7671800000
14.7649800000
14.7627800000
14.7605700000
14.7583400000
14.7561100000
14.7538700000
14.7516300000
14.7493700000
14.7471000000
14.7448300000
14.7425400000
14.7402500000
14.7379500000
14.7356400000
14.7333200000
14.7309900000
14.7286500000
14.7263100000
14.7239500000
14.7215900000
14.7192200000
14.7168400000
14.7144500000
14.7120500000
14.7096500000
14.7072300000
14.7048100000
14.7023800000
14.6999400000
14.6974900000
14.6950300000
14.6925700000
14.6900900000
14.6876000000
14.6851100000
14.6826100000
14.6800900000
14.6775700000
14.6750500000
14.6725100000
14.6699700000
14.6674100000
14.6648500000
14.6622800000
14.6597000000
14.6571100000
14.6545100000
14.6519100000
14.6492900000
14.6466700000
14.6440400000
14.6414000000
14.6387500000
14.6361000000
14.6334300000
14.6307500000
14.6280700000
14.6253800000
14.6226900000
14.6199800000
14.6172700000
14.6145400000
14.6118100000
14.6090700000
14.6063200000
14.6035600000
14.6008000000
14.5980200000
14.5952400000
14.5924500000
14.5896500000
14.5868500000
14.5840300000
14.5812100000
14.5783700000
14.5755300000
14.5726900000
14.5698300000
14.5669700000
14.5641000000
14.5612200000
14.5583300000
14.5554400000
14.5525300000
14.5496200000
14.5467000000
14.5437800000
14.5408400000
14.5379000000
14.5349500000
14.5319800000
14.5290200000
14.5260400000
14.5230600000
14.5200700000
14.5170700000
14.5140600000
14.5110400000
14.5080200000
14.5049900000
14.5019500000
14.4989000000
14.4958500000
14.4927900000
14.4897200000
14.4866400000
14.4835500000
14.4804600000
14.4773600000
14.4742500000
14.4711300000
14.4680000000
14.4648700000
14.4617300000
14.4585800000
14.4554200000
14.4522600000
14.4490900000
14.4459100000
14.4427200000
14.4395200000
14.4363200000
14.4331100000
14.4298900000
14.4266600000
14.4234300000
14.4201800000
14.4169300000
14.4136800000
14.4104100000
14.4071400000
14.4038500000
14.4005600000
14.3972600000
14.3939600000
14.3906500000
14.3873300000
14.3840000000
14.3806600000
14.3773100000
14.3739600000
14.3706000000
14.3672300000
14.3638600000
14.3604700000
14.3570800000
14.3536800000
14.3502700000
14.3468500000
14.3434300000
14.3399900000
14.3365500000
14.3331100000
14.3296500000
14.3261900000
14.3227100000
14.3192300000
14.3157500000
14.3122500000
14.3087500000
14.3052300000
14.3017100000
14.2981900000
14.2946500000
14.2911100000
14.2875500000
14.2839900000
14.2804200000
14.2768500000
14.2732600000
14.2696700000
14.2660700000
14.2624600000
14.2588400000
14.2552100000
14.2515800000
14.2479400000
14.2442900000
14.2406300000
14.2369600000
14.2332800000
14.2296000000
14.2259100000
14.2222100000
14.2185000000
14.2147800000
14.2110600000
14.2073300000
14.2035900000
14.1998300000
14.1960800000
14.1923100000
14.1885300000
14.1847500000
14.1809500000
14.1771500000
14.1733400000
14.1695200000
14.1656900000
14.1618600000
14.1580100000
14.1541600000
14.1503000000
14.1464300000
14.1425500000
14.1386600000
14.1347700000
14.1308600000
14.1269500000
14.1230200000
14.1190900000
14.1151500000
14.1112000000
14.1072500000
14.1032800000
14.0993100000
14.0953200000
14.0913300000
14.0873300000
14.0833200000
14.0793100000
14.0752800000
14.0712500000
14.0672100000
14.0631700000
14.0591200000
14.0550600000
14.0510000000
14.0469300000
14.0428600000
14.0387800000
14.0346900000
14.0306000000
14.0265100000
14.0224200000
14.0183200000
14.0142100000
14.0101100000
14.0059900000
14.0018700000
13.9977500000
13.9936100000
13.9894700000
13.9853200000
13.9811500000
13.9769700000
13.9727800000
13.9685800000
13.9643600000
13.9601200000
13.9558700000
13.9516000000
13.9473200000
13.9430100000
13.9386900000
13.9343500000
13.9300000000
13.9256300000
13.9212500000
13.9168500000
13.9124400000
13.9080200000
13.9035800000
13.8991400000
13.8946800000
13.8902100000
13.8857300000
13.8812400000
13.8767400000
13.8722400000
13.8677300000
13.8632100000
13.8586800000
13.8541500000
13.8496100000
13.8450700000
13.8405200000
13.8359600000
13.8314000000
13.8268300000
13.8222600000
13.8176800000
13.8131000000
13.8085100000
13.8039200000
13.7993200000
13.7947100000
13.7900900000
13.7854700000
13.7808400000
13.7762000000
13.7715500000
13.7669000000
13.7622300000
13.7575500000
13.7528700000
13.7481700000
13.7434700000
13.7387600000
13.7340400000
13.7293100000
13.7245800000
13.7198400000
13.7151000000
13.7103500000
13.7056000000
13.7008500000
13.6960900000
13.6913300000
13.6865600000
13.6818000000
13.6770300000
13.6722500000
13.6674800000
13.6627100000
13.6579300000
13.6531500000
13.6483600000
13.6435700000
13.6387800000
13.6339800000
13.6291800000
13.6243600000
13.6195400000
13.6147100000
13.6098700000
13.6050300000
13.6001700000
13.5953000000
13.5904200000
13.5855300000
13.5806200000
13.5756900000
13.5707500000
13.5658000000
13.5608300000
13.5558500000
13.5508500000
13.5458400000
13.5408100000
13.5357600000
13.5307000000
13.5256300000
13.5205400000
13.5154400000
13.5103300000
13.5052000000
13.5000600000
13.4949100000
13.4897500000
13.4845700000
13.4793900000
13.4742000000
13.4690000000
13.4637900000
13.4585700000
13.4533400000
13.4481100000
13.4428700000
13.4376200000
13.4323600000
13.4271000000
13.4218300000
13.4165500000
13.4112700000
13.4059800000
13.4006800000
13.3953700000
13.3900600000
13.3847400000
13.3794100000
13.3740700000
13.3687300000
13.3633700000
13.3580100000
13.3526300000
13.3472500000
13.3418600000
13.3364500000
13.3310400000
13.3256100000
13.3201800000
13.3147400000
13.3092800000
13.3038200000
13.2983400000
13.2928500000
13.2873600000
13.2818500000
13.2763300000
13.2707900000
13.2652500000
13.2597000000
13.2541300000
13.2485600000
13.2429800000
13.2373900000
13.2317800000
13.2261700000
13.2205400000
13.2149100000
13.2092600000
13.2036100000
13.1979500000
13.1922700000
13.1865900000
13.1809000000
13.1751900000
13.1694800000
13.1637600000
13.1580200000
13.1522800000
13.1465300000
13.1407700000
13.1350000000
13.1292200000
13.1234300000
13.1176300000
13.1118200000
13.1060000000
13.1001600000
13.0943200000
13.0884700000
13.0826100000
13.0767300000
13.0708500000
13.0649500000
13.0590500000
13.0531300000
13.0472100000
13.0412700000
13.0353300000
13.0293800000
13.0234100000
13.0174400000
13.0114600000
13.0054600000
12.9994700000
12.9934600000
12.9874400000
12.9814100000
12.9753800000
12.9693400000
12.9632900000
12.9572400000
12.9511700000
12.9451000000
12.9390200000
12.9329300000
12.9268300000
12.9207200000
12.9146000000
12.9084700000
12.9023300000
12.8961800000
12.8900300000
12.8838600000
12.8776800000
12.8714900000
12.8653000000
12.8590900000
12.8528800000
12.8466500000
12.8404200000
12.8341800000
12.8279300000
12.8216700000
12.8154000000
12.8091200000
12.8028300000
12.7965300000
12.7902200000
12.7839000000
12.7775700000
12.7712300000
12.7648800000
12.7585200000
12.7521400000
12.7457600000
12.7393600000
12.7329500000
12.7265300000
12.7201000000
12.7136600000
12.7072000000
12.7007400000
12.6942600000
12.6877700000
12.6812800000
12.6747700000
12.6682500000
12.6617200000
12.6551800000
12.6486400000
12.6420800000
12.6355100000
12.6289300000
12.6223500000
12.6157500000
12.6091400000
12.6025200000
12.5958900000
12.5892500000
12.5826000000
12.5759300000
12.5692600000
12.5625800000
12.5558800000
12.5491800000
12.5424600000
12.5357400000
12.5290000000
12.5222500000
12.5154900000
12.5087100000
12.5019300000
12.4951300000
12.4883300000
12.4815100000
12.4746700000
12.4678300000
12.4609800000
12.4541100000
12.4472400000
12.4403500000
12.4334500000
12.4265400000
12.4196100000
12.4126800000
12.4057400000
12.3987800000
12.3918200000
12.3848500000
12.3778600000
12.3708700000
12.3638600000
12.3568500000
12.3498200000
12.3427900000
12.3357500000
12.3286900000
12.3216300000
12.3145600000
12.3074800000
12.3003800000
12.2932800000
12.2861700000
12.2790500000
12.2719200000
12.2647800000
12.2576400000
12.2504800000
12.2433100000
12.2361400000
12.2289500000
12.2217600000
12.2145600000
12.2073500000
12.2001400000
12.1929100000
12.1856700000
12.1784300000
12.1711700000
12.1639100000
12.1566400000
12.1493600000
12.1420700000
12.1347700000
12.1274700000
12.1201600000
12.1128300000
12.1055000000
12.0981600000
12.0908200000
12.0834600000
12.0761000000
12.0687300000
12.0613500000
12.0539600000
12.0465700000
12.0391600000
12.0317500000
12.0243300000
12.0169100000
12.0094700000
12.0020300000
11.9945800000
11.9871300000
11.9796700000
11.9722000000
11.9647200000
11.9572400000
11.9497500000
11.9422500000
11.9347500000
11.9272300000
11.9197100000
11.9121900000
11.9046600000
11.8971200000
11.8895700000
11.8820200000
11.8744700000
11.8669000000
11.8593300000
11.8517600000
11.8441700000
11.8365900000
11.8289900000
11.8213900000
11.8137900000
11.8061700000
11.7985600000
11.7909300000
11.7833000000
11.7756700000
11.7680200000
11.7603800000
11.7527300000
11.7450700000
11.7374100000
11.7297400000
11.7220600000
11.7143900000
11.7067000000
11.6990100000
11.6913200000
11.6836300000
11.6759200000
11.6682100000
11.6605000000
11.6527900000
11.6450700000
11.6373400000
11.6296100000
11.6218700000
11.6141400000
11.6063900000
11.5986400000
11.5908900000
11.5831400000
11.5753800000
11.5676200000
11.5598500000
11.5520800000
11.5443100000
11.5365400000
11.5287600000
11.5209800000
11.5132000000
11.5054100000
11.4976300000
11.4898400000
11.4820400000
11.4742500000
11.4664500000
11.4586500000
11.4508500000
11.4430500000
11.4352500000
11.4274500000
11.4196500000
11.4118500000
11.4040500000
11.3962400000
11.3884400000
11.3806400000
11.3728500000
11.3650500000
11.3572600000
11.3494700000
11.3416900000
11.3339000000
11.3261200000
11.3183400000
11.3105700000
11.3028000000
11.2950300000
11.2872700000
11.2795100000
11.2717600000
11.2640100000
11.2562600000
11.2485200000
11.2407800000
11.2330500000
11.2253100000
11.2175900000
11.2098700000
11.2021500000
11.1944300000
11.1867200000
11.1790100000
11.1713000000
11.1636000000
11.1559000000
11.1482100000
11.1405200000
11.1328300000
11.1251400000
11.1174600000
11.1097800000
11.1021100000
11.0944400000
11.0867700000
11.0791100000
11.0714500000
11.0638000000
11.0561500000
11.0485000000
11.0408600000
11.0332300000
11.0256000000
11.0179800000
11.0103700000
11.0027600000
10.9951600000
10.9875700000
10.9799800000
10.9724100000
10.9648400000
10.9572800000
10.9497400000
10.9422000000
10.9346800000
10.9271600000
10.9196600000
10.9121700000
10.9046900000
10.8972300000
10.8897700000
10.8823300000
10.8748900000
10.8674700000
10.8600600000
10.8526600000
10.8452800000
10.8379000000
10.8305400000
10.8231900000
10.8158500000
10.8085200000
10.8012000000
10.7938900000
10.7866000000
10.7793200000
10.7720400000
10.7647800000
10.7575300000
10.7503000000
10.7430700000
10.7358500000
10.7286500000
10.7214600000
10.7142800000
10.7071100000
10.6999500000
10.6928100000
10.6856800000
10.6785600000
10.6714500000
10.6643500000
10.6572600000
10.6501800000
10.6431200000
10.6360600000
10.6290200000
10.6219900000
10.6149700000
10.6079600000
10.6009600000
10.5939700000
10.5869900000
10.5800200000
10.5730600000
10.5661000000
10.5591600000
10.5522300000
10.5453100000
10.5383900000
10.5314900000
10.5246000000
10.5177100000
10.5108300000
10.5039600000
10.4971000000
10.4902600000
10.4834200000
10.4765900000
10.4697700000
10.4629700000
10.4561700000
10.4493800000
10.4426100000
10.4358500000
10.4290900000
10.4223500000
10.4156200000
10.4089000000
10.4022000000
10.3955000000
10.3888200000
10.3821600000
10.3755000000
10.3688600000
10.3622300000
10.3556200000
10.3490200000
10.3424300000
10.3358500000
10.3292900000
10.3227500000
10.3162200000
10.3097000000
10.3032000000
10.2967100000
10.2902300000
10.2837700000
10.2773200000
10.2708900000
10.2644700000
10.2580600000
10.2516700000
10.2452900000
10.2389200000
10.2325700000
10.2262200000
10.2199000000
10.2135900000
10.2072900000
10.2010000000
10.1947300000
10.1884700000
10.1822200000
10.1759800000
10.1697600000
10.1635500000
10.1573500000
10.1511700000
10.1449900000
10.1388400000
10.1326900000
10.1265500000
10.1204200000
10.1143100000
10.1082100000
10.1021200000
10.0960400000
10.0899700000
10.0839200000
10.0778800000
10.0718500000
10.0658300000
10.0598200000
10.0538300000
10.0478500000
10.0418900000
10.0359300000
10.0299900000
10.0240600000
10.0181500000
10.0122400000
10.0063500000
10.0004700000
9.9946060000
9.9946060000
9.9946060000
9.9946060000
9.9946060000
9.9946060000
9.9946060000
9.9946060000
9.9946060000
9.9946060000
9.9946060000
9.9946060000
9.9946060000
9.9946060000
9.9946060000
9.9946060000
