15.0000000000
14.9999100000
14.9970000000
14.9954000000
14.9942800000
14.9932700000
14.9918100000
14.9891900000
14.9869700000
14.9841200000
14.9800100000
14.9772500000
14.9743500000
14.9702300000
14.9649900000
14.9603700000
14.9560500000
14.9503300000
14.9450200000
14.9385400000
14.9343600000
14.9295000000
14.9230100000
14.9169100000
14.9125100000
14.9115600000
14.9077700000
14.9015000000
14.8950200000
14.8889200000
14.8824300000
14.8759500000
14.8698400000
14.8633600000
14.8568700000
14.8504800000
14.8407900000
14.8278200000
14.8156100000
14.8026400000
14.7896700000
14.7774700000
14.7645000000
14.7515300000
14.7404900000
14.7300200000
14.7208200000
14.7127300000
14.7069200000
14.7028700000
14.6991800000
14.6950500000
14.6933100000
14.6917100000
14.6904200000
14.6887100000
14.6882500000
14.6877300000
14.6877300000
14.6877300000
14.6877300000
14.6877300000
14.6877300000
14.6877300000
14.6877300000
14.6877300000
14.6877300000
14.6877300000
14.6877300000
14.6877300000
14.6877300000
14.6877300000
14.6877300000
14.6877300000
14.6877300000
14.6846400000
14.6716700000
14.6594600000
14.6464900000
14.6335200000
14.6213200000
14.6083500000
14.5953600000
14.5826500000
14.5685400000
14.5534800000
14.5375500000
14.5167500000
14.4945700000
14.4745300000
14.4544100000
14.4393300000
14.4279300000
14.4167200000
14.4056400000
14.4001800000
14.3942900000
14.3880000000
14.3820000000
14.3798400000
14.3778700000
14.3751400000
14.3734300000
14.3726500000
14.3719600000
14.3716100000
14.3712800000
14.3712800000
14.3704800000
14.3700600000
14.3700600000
14.3700600000
14.3697400000
14.3688500000
14.3681900000
14.3681900000
14.3677200000
14.3677200000
14.3677200000
14.3677200000
14.3676600000
14.3676600000
14.3676600000
14.3676600000
14.3676600000
14.3676600000
14.3676600000
14.3676600000
14.3676600000
14.3676600000
14.3676600000
14.3676600000
14.3676600000
14.3676600000
14.3676600000
14.3676600000
14.3676600000
14.3676600000
14.3676600000
14.3676600000
14.3676600000
14.3676600000
14.3676600000
14.3676600000
14.3676600000
14.3676600000
14.3676600000
14.3676600000
14.3676600000
14.3676600000
14.3676600000
14.3676600000
14.3676600000
14.3676600000
14.3676600000
14.3676600000
14.3676600000
14.3676600000
14.3676600000
14.3676600000
14.3676600000
14.3676600000
14.3676600000
14.3676600000
14.3676600000
14.3676600000
14.3676600000
14.3676600000
14.3676600000
14.3676600000
14.3676600000
14.3676600000
14.3676600000
14.3676600000
14.3676600000
14.3676600000
14.3660100000
14.3572400000
14.3483900000
14.3399400000
14.3313600000
14.3227800000
14.3146500000
14.3058900000
14.2975800000
14.2897300000
14.2811900000
14.2727200000
14.2651700000
14.2569800000
14.2484800000
14.2407700000
14.2324200000
14.2239700000
14.2160400000
14.2078400000
14.1992400000
14.1911700000
14.1826300000
14.1742900000
14.1659800000
14.1571800000
14.1491400000
14.1416500000
14.1337100000
14.1254600000
14.1179300000
14.1101000000
14.1022900000
14.0945500000
14.0867100000
14.0790800000
14.0717900000
14.0641600000
14.0562500000
14.0489600000
14.0410800000
14.0338000000
14.0265100000
14.0190000000
14.0116700000
14.0046200000
13.9969800000
13.9893200000
13.9820000000
13.9741100000
13.9659800000
13.9589100000
13.9487600000
13.9394600000
13.9309200000
13.9208800000
13.9110400000
13.9027900000
13.8929100000
13.8840900000
13.8743900000
13.8655100000
13.8576000000
13.8498200000
13.8413600000
13.8350800000
13.8295700000
13.8222500000
13.8166000000
13.8110400000
13.8056600000
13.7985400000
13.7933000000
13.7883200000
13.7828200000
13.7766700000
13.7716100000
13.7665500000
13.7608700000
13.7537100000
13.7492800000
13.7453300000
13.7393500000
13.7354000000
13.7326700000
13.7300300000
13.7257200000
13.7230100000
13.7210000000
13.7184900000
13.7137900000
13.7111200000
13.7080800000
13.7046700000
13.6998800000
13.6957700000
13.6930000000
13.6887500000
13.6856200000
13.6830200000
13.6802400000
13.6765600000
13.6765600000
13.6765600000
13.6765600000
13.6765600000
13.6765600000
13.6765600000
13.6765600000
13.6762700000
13.6762700000
13.6762700000
13.6762700000
13.6762700000
13.6762700000
13.6762700000
13.6762700000
13.6762700000
13.6762700000
13.6762700000
13.6762700000
13.6762700000
13.6762700000
13.6762700000
13.6762700000
13.6762700000
13.6762700000
13.6762700000
13.6762700000
13.6762700000
13.6762700000
13.6762700000
13.6762700000
13.6762700000
13.6762700000
13.6762700000
13.6762700000
13.6762700000
13.6762700000
13.6762700000
13.6762700000
13.6762700000
13.6762700000
13.6762700000
13.6762700000
13.6762700000
13.6762700000
13.6762700000
13.6762700000
13.6762700000
13.6762700000
13.6762700000
13.6762700000
13.6762700000
13.6762700000
13.6762700000
13.6762700000
13.6762700000
13.6762700000
13.6762700000
13.6762700000
13.6762700000
13.6762700000
13.6762700000
13.6762700000
13.6762700000
13.6762700000
13.6762700000
13.6762700000
13.6762700000
13.6762700000
13.6762700000
13.6762700000
13.6762700000
13.6762700000
13.6762700000
13.6762700000
13.6762700000
13.6762700000
13.6762700000
13.6762700000
13.6762700000
13.6762700000
13.6762700000
13.6762700000
13.6762700000
13.6762700000
13.6762700000
13.6762700000
13.6762700000
13.6762700000
13.6762700000
13.6762700000
13.6762700000
13.6762700000
13.6762700000
13.6762700000
13.6762700000
13.6762700000
13.6762700000
13.6762700000
13.6762700000
13.6744200000
13.6694000000
13.6644700000
13.6594400000
13.6545700000
13.6499300000
13.6448200000
13.6399100000
13.6351800000
13.6302000000
13.6251400000
13.6171400000
13.6069700000
13.5965500000
13.5868600000
13.5768300000
13.5668100000
13.5566700000
13.5460900000
13.5360400000
13.5260800000
13.5149300000
13.5045100000
13.4948400000
13.4840200000
13.4728100000
13.4609200000
13.4483600000
13.4358800000
13.4244600000
13.4128900000
13.4007700000
13.3893600000
13.3776200000
13.3656900000
13.3541700000
13.3423100000
13.3310100000
13.3204600000
13.3095900000
13.2989000000
13.2897100000
13.2798200000
13.2694500000
13.2598500000
13.2502700000
13.2406900000
13.2311200000
13.2217000000
13.2127200000
13.2040000000
13.1965800000
13.1900300000
13.1838700000
13.1770900000
13.1702800000
13.1636400000
13.1565800000
13.1492400000
13.1425100000
13.1347200000
13.1233800000
13.1111800000
13.0982100000
13.0852400000
13.0730300000
13.0600600000
13.0470900000
13.0348800000
13.0219100000
13.0089400000
12.9967300000
12.9837600000
12.9707900000
12.9585900000
12.9456200000
12.9326500000
12.9204400000
12.9074700000
12.8945000000
12.8822900000
12.8693200000
12.8563500000
12.8441500000
12.8311800000
12.8182100000
12.8060000000
12.7930300000
12.7800600000
12.7678500000
12.7548800000
12.7419100000
12.7297100000
12.7167400000
12.7037700000
12.6915600000
12.6785900000
12.6656200000
12.6534100000
12.6404400000
12.6274700000
12.6152600000
12.6022900000
12.5893200000
12.5771100000
12.5641400000
12.5511700000
12.5389600000
12.5259900000
12.5130200000
12.5008200000
12.4798700000
12.4572300000
12.4349700000
12.4097600000
12.3846900000
12.3602800000
12.3344300000
12.3088400000
12.2844200000
12.2584800000
12.2325400000
12.2081300000
12.1821900000
12.1562500000
12.1318400000
12.1059000000
12.0799600000
12.0555400000
12.0296000000
12.0036600000
11.9792500000
11.9533100000
11.9273700000
11.9029500000
11.8770100000
11.8510700000
11.8266600000
11.8007200000
11.7747800000
11.7503700000
11.7244300000
11.6984900000
11.6740700000
11.6481300000
11.6221900000
11.5977800000
11.5718400000
11.5459000000
11.5214800000
11.4955400000
11.4696000000
11.4451900000
11.4192500000
11.3933100000
11.3689000000
11.3429600000
11.3170200000
11.2926000000
11.2666600000
11.2407200000
11.2163100000
11.1905800000
11.1646400000
11.1402300000
11.1142900000
11.0884200000
11.0641000000
11.0383000000
11.0127100000
10.9884500000
10.9626600000
10.9370000000
10.9125800000
10.8870400000
10.8619700000
10.8401200000
10.8184500000
10.7978200000
10.7830800000
10.7684800000
10.7553600000
10.7452100000
10.7339300000
10.7239400000
10.7157900000
10.7078200000
10.6962400000
10.6873900000
10.6764500000
10.6622900000
10.6445600000
10.6235000000
10.6066900000
10.5872000000
10.5799100000
10.5791700000
10.5791700000
10.5791900000
10.5792000000
10.5792000000
10.5792000000
10.5732300000
10.5661900000
10.5582000000
10.5491400000
10.5400400000
10.5299500000
10.5191400000
10.5079700000
10.4969300000
10.4879900000
10.4791800000
10.4690000000
10.4596000000
10.4516800000
10.4425900000
10.4325200000
10.4235800000
10.4145500000
10.4048400000
10.3953300000
10.3865200000
10.3785000000
10.3700700000
10.3607000000
10.3526400000
10.3448800000
10.3353800000
10.3261800000
10.3180300000
10.3094800000
10.3005300000
10.2922000000
10.2840600000
10.2762500000
10.2692900000
10.2618800000
10.2546400000
10.2478100000
10.2407500000
10.2328500000
10.2260300000
10.2186600000
10.2108200000
10.2028900000
10.1959600000
10.1886400000
10.1808000000
10.1726300000
10.1656400000
10.1584200000
10.1498000000
10.1383900000
10.1276300000
10.1158100000
10.1040200000
10.0933400000
10.0823000000
10.0705900000
10.0598600000
10.0474100000
10.0344700000
10.0222600000
10.0092900000
9.9963250000
