20.0000000000
20.0000000000
20.0000000000
20.0000000000
20.0000000000
20.0000000000
20.0000000000
20.0000000000
20.0000000000
20.0000000000
20.0000000000
20.0000000000
20.0000000000
20.0000000000
20.0000000000
20.0000000000
19.9999900000
19.9999800000
19.9999700000
19.9999300000
19.9998700000
19.9997800000
19.9996500000
19.9994800000
19.9992500000
19.9989800000
19.9986700000
19.9983200000
19.9979400000
19.9975500000
19.9971600000
19.9967700000
19.9963900000
19.9960200000
19.9956800000
19.9953500000
19.9950500000
19.9947600000
19.9944800000
19.9942100000
19.9939500000
19.9936900000
19.9934300000
19.9931800000
19.9929400000
19.9927100000
19.9925000000
19.9923000000
19.9921200000
19.9919500000
19.9917900000
19.9916600000
19.9915400000
19.9914200000
19.9913200000
19.9912200000
19.9911200000
19.9910200000
19.9909200000
19.9908200000
19.9907100000
19.9906000000
19.9904800000
19.9903500000
19.9902200000
19.9900800000
19.9899300000
19.9897800000
19.9896100000
19.9894400000
19.9892600000
19.9890700000
19.9888600000
19.9886600000
19.9884400000
19.9882100000
19.9879800000
19.9877400000
19.9874900000
19.9872300000
19.9869700000
19.9867000000
19.9864300000
19.9861500000
19.9858700000
19.9855900000
19.9853000000
19.9850200000
19.9847300000
19.9844300000
19.9841400000
19.9838500000
19.9835500000
19.9832600000
19.9829600000
19.9826600000
19.9823600000
19.9820700000
19.9817700000
19.9814700000
19.9811700000
19.9808800000
19.9805800000
19.9802900000
19.9800000000
19.9797000000
19.9794100000
19.9791100000
19.9788200000
19.9785300000
19.9782300000
19.9779400000
19.9776400000
19.9773500000
19.9770500000
19.9767600000
19.9764600000
19.9761600000
19.9758600000
19.9755600000
19.9752500000
19.9749500000
19.9746400000
19.9743400000
19.9740300000
19.9737200000
19.9734100000
19.9730900000
19.9727800000
19.9724600000
19.9721400000
19.9718200000
19.9714900000
19.9711700000
19.9708400000
19.9705100000
19.9701800000
19.9698500000
19.9695100000
19.9691800000
19.9688400000
19.9685000000
19.9681600000
19.9678100000
19.9674700000
19.9671200000
19.9667800000
19.9664300000
19.9660800000
19.9657300000
19.9653800000
19.9650200000
19.9646600000
19.9643000000
19.9639400000
19.9635800000
19.9632200000
19.9628600000
19.9624900000
19.9621300000
19.9617600000
19.9613900000
19.9610200000
19.9606500000
19.9602800000
19.9599100000
19.9595300000
19.9591600000
19.9587800000
19.9584100000
19.9580200000
19.9576400000
19.9572600000
19.9568700000
19.9564900000
19.9561000000
19.9557100000
19.9553200000
19.9549300000
19.9545400000
19.9541400000
19.9537500000
19.9533500000
19.9529600000
19.9525600000
19.9521600000
19.9517600000
19.9513500000
19.9509500000
19.9505400000
19.9501300000
19.9497200000
19.9493100000
19.9489000000
19.9484900000
19.9480700000
19.9476600000
19.9472400000
19.9468300000
19.9464100000
19.9459900000
19.9455700000
19.9451400000
19.9447200000
19.9442900000
19.9438600000
19.9434300000
19.9430000000
19.9425700000
19.9421300000
19.9417000000
19.9412700000
19.9408300000
19.9404000000
19.9399600000
19.9395100000
19.9390700000
19.9386300000
19.9381800000
19.9377300000
19.9372800000
19.9368400000
19.9363900000
19.9359300000
19.9354800000
19.9350300000
19.9345700000
19.9341200000
19.9336600000
19.9332000000
19.9327400000
19.9322700000
19.9318100000
19.9313400000
19.9308800000
19.9304100000
19.9299400000
19.9294700000
19.9290000000
19.9285300000
19.9280600000
19.9275800000
19.9271000000
19.9266200000
19.9261400000
19.9256600000
19.9251800000
19.9247000000
19.9242100000
19.9237300000
19.9232400000
19.9227500000
19.9222600000
19.9217700000
19.9212800000
19.9207800000
19.9202800000
19.9197900000
19.9192900000
19.9187900000
19.9182900000
19.9177900000
19.9172900000
19.9167800000
19.9162800000
19.9157700000
19.9152600000
19.9147500000
19.9142400000
19.9137200000
19.9132100000
19.9127000000
19.9121800000
19.9116600000
19.9111500000
19.9106300000
19.9101100000
19.9095900000
19.9090600000
19.9085400000
19.9080100000
19.9074800000
19.9069500000
19.9064200000
19.9058900000
19.9053600000
19.9048300000
19.9042900000
19.9037600000
19.9032200000
19.9026800000
19.9021400000
19.9016000000
19.9010500000
19.9005100000
19.8999600000
19.8994200000
19.8988700000
19.8983200000
19.8977700000
19.8972200000
19.8966700000
19.8961100000
19.8955500000
19.8950000000
19.8944400000
19.8938800000
19.8933200000
19.8927600000
19.8921900000
19.8916300000
19.8910600000
19.8905000000
19.8899300000
19.8893500000
19.8887800000
19.8882100000
19.8876400000
19.8870600000
19.8864900000
19.8859100000
19.8853300000
19.8847500000
19.8841600000
19.8835800000
19.8830000000
19.8824100000
19.8818200000
19.8812400000
19.8806500000
19.8800600000
19.8794700000
19.8788800000
19.8782800000
19.8776800000
19.8770900000
19.8764900000
19.8758900000
19.8752900000
19.8746900000
19.8740800000
19.8734800000
19.8728700000
19.8722600000
19.8716600000
19.8710500000
19.8704400000
19.8698200000
19.8692100000
19.8686000000
19.8679800000
19.8673700000
19.8667500000
19.8661300000
19.8655100000
19.8648800000
19.8642600000
19.8636400000
19.8630100000
19.8623800000
19.8617600000
19.8611300000
19.8605000000
19.8598700000
19.8592300000
19.8586000000
19.8579600000
19.8573200000
19.8566900000
19.8560500000
19.8554100000
19.8547700000
19.8541300000
19.8534800000
19.8528300000
19.8521800000
19.8515400000
19.8508900000
19.8502400000
19.8495900000
19.8489300000
19.8482800000
19.8476300000
19.8469800000
19.8463200000
19.8456700000
19.8450100000
19.8443600000
19.8437000000
19.8430500000
19.8424000000
19.8417400000
19.8410900000
19.8404400000
19.8397900000
19.8391400000
19.8385000000
19.8378600000
19.8372200000
19.8365800000
19.8359400000
19.8353000000
19.8346600000
19.8340200000
19.8333800000
19.8327300000
19.8320800000
19.8314300000
19.8307800000
19.8301100000
19.8294400000
19.8287700000
19.8280900000
19.8274000000
19.8267000000
19.8260000000
19.8252800000
19.8245700000
19.8238500000
19.8231200000
19.8223900000
19.8216500000
19.8209100000
19.8201600000
19.8194200000
19.8186700000
19.8179200000
19.8171700000
19.8164200000
19.8156700000
19.8149200000
19.8141700000
19.8134300000
19.8126800000
19.8119300000
19.8111900000
19.8104500000
19.8097000000
19.8089600000
19.8082200000
19.8074900000
19.8067500000
19.8060200000
19.8052800000
19.8045500000
19.8038200000
19.8030800000
19.8023500000
19.8016100000
19.8008700000
19.8001300000
19.7993900000
19.7986500000
19.7979100000
19.7971600000
19.7964200000
19.7956700000
19.7949200000
19.7941700000
19.7934200000
19.7926700000
19.7919100000
19.7911500000
19.7904000000
19.7896300000
19.7888600000
19.7881000000
19.7873200000
19.7865500000
19.7857700000
19.7849900000
19.7842000000
19.7834200000
19.7826300000
19.7818400000
19.7810400000
19.7802400000
19.7794400000
19.7786400000
19.7778400000
19.7770400000
19.7762400000
19.7754400000
19.7746400000
19.7738400000
19.7730400000
19.7722400000
19.7714500000
19.7706600000
19.7698700000
19.7690800000
19.7683000000
19.7675100000
19.7667300000
19.7659600000
19.7651800000
19.7644100000
19.7636400000
19.7628700000
19.7620900000
19.7613300000
19.7605600000
19.7597900000
19.7590300000
19.7582600000
19.7574900000
19.7567200000
19.7559500000
19.7551800000
19.7544000000
19.7536200000
19.7528500000
19.7520600000
19.7512800000
19.7504800000
19.7496900000
19.7488900000
19.7480900000
19.7472800000
19.7464800000
19.7456600000
19.7448400000
19.7440200000
19.7431900000
19.7423600000
19.7415300000
19.7407000000
19.7398500000
19.7390100000
19.7381700000
19.7373200000
19.7364700000
19.7356200000
19.7347600000
19.7339100000
19.7330500000
19.7321900000
19.7313300000
19.7304600000
19.7296000000
19.7287400000
19.7278800000
19.7270100000
19.7261500000
19.7252900000
19.7244200000
19.7235600000
19.7226900000
19.7218300000
19.7209600000
19.7201000000
19.7192300000
19.7183700000
19.7175000000
19.7166300000
19.7157700000
19.7149000000
19.7140400000
19.7131700000
19.7123000000
19.7114300000
19.7105600000
19.7096800000
19.7088100000
19.7079400000
19.7070600000
19.7061800000
19.7053100000
19.7044300000
19.7035500000
19.7026700000
19.7017900000
19.7009100000
19.7000200000
19.6991400000
19.6982500000
19.6973600000
19.6964700000
19.6955900000
19.6946900000
19.6938000000
19.6929000000
19.6920000000
19.6911000000
19.6902000000
19.6893000000
19.6883900000
19.6874900000
19.6865800000
19.6856700000
19.6847600000
19.6838500000
19.6829400000
19.6820200000
19.6811000000
19.6801800000
19.6792600000
19.6783400000
19.6774200000
19.6764900000
19.6755700000
19.6746400000
19.6737100000
19.6727800000
19.6718600000
19.6709300000
19.6700000000
19.6690700000
19.6681300000
19.6672000000
19.6662700000
19.6653300000
19.6643900000
19.6634600000
19.6625200000
19.6615800000
19.6606500000
19.6597100000
19.6587700000
19.6578300000
19.6568800000
19.6559400000
19.6549900000
19.6540500000
19.6531000000
19.6521500000
19.6512000000
19.6502400000
19.6492900000
19.6483300000
19.6473800000
19.6464200000
19.6454600000
19.6445000000
19.6435500000
19.6425900000
19.6416300000
19.6406700000
19.6397000000
19.6387400000
19.6377800000
19.6368200000
19.6358500000
19.6348900000
19.6339200000
19.6329600000
19.6319900000
19.6310300000
19.6300600000
19.6290900000
19.6281200000
19.6271500000
19.6261800000
19.6252100000
19.6242300000
19.6232500000
19.6222700000
19.6212900000
19.6203100000
19.6193200000
19.6183300000
19.6173500000
19.6163600000
19.6153600000
19.6143700000
19.6133700000
19.6123700000
19.6113800000
19.6103800000
19.6093800000
19.6083700000
19.6073700000
19.6063600000
19.6053500000
19.6043500000
19.6033400000
19.6023300000
19.6013200000
19.6003200000
19.5993100000
19.5983000000
19.5972900000
19.5962800000
19.5952700000
19.5942600000
19.5932400000
19.5922300000
19.5912100000
19.5901900000
19.5891800000
19.5881600000
19.5871400000
19.5861200000
19.5851000000
19.5840800000
19.5830500000
19.5820200000
19.5810000000
19.5799700000
19.5789400000
19.5779100000
19.5768700000
19.5758400000
19.5748000000
19.5737600000
19.5727300000
19.5716900000
19.5706400000
19.5696000000
19.5685500000
19.5675000000
19.5664600000
19.5654100000
19.5643600000
19.5633000000
19.5622500000
19.5612000000
19.5601400000
19.5590900000
19.5580300000
19.5569700000
19.5559100000
19.5548500000
19.5537900000
19.5527200000
19.5516600000
19.5505900000
19.5495300000
19.5484600000
19.5474000000
19.5463300000
19.5452600000
19.5441800000
19.5431100000
19.5420400000
19.5409700000
19.5398900000
19.5388200000
19.5377400000
19.5366700000
19.5355900000
19.5345100000
19.5334200000
19.5323400000
19.5312600000
19.5301800000
19.5290900000
19.5280100000
19.5269200000
19.5258300000
19.5247400000
19.5236500000
19.5225600000
19.5214700000
19.5203700000
19.5192800000
19.5181900000
19.5170900000
19.5159900000
19.5148900000
19.5137900000
19.5126900000
19.5115900000
19.5104800000
19.5093800000
19.5082700000
19.5071600000
19.5060500000
19.5049400000
19.5038300000
19.5027200000
19.5016100000
19.5005000000
19.4993800000
19.4982600000
19.4971400000
19.4960200000
19.4949000000
19.4937800000
19.4926600000
19.4915400000
19.4904200000
19.4892900000
19.4881600000
19.4870300000
19.4859000000
19.4847800000
19.4836500000
19.4825200000
19.4813800000
19.4802500000
19.4791100000
19.4779700000
19.4768400000
19.4757000000
19.4745600000
19.4734200000
19.4722800000
19.4711300000
19.4699900000
19.4688400000
19.4676900000
19.4665500000
19.4654000000
19.4642500000
19.4630900000
19.4619400000
19.4607800000
19.4596300000
19.4584700000
19.4573100000
19.4561600000
19.4550000000
19.4538300000
19.4526700000
19.4515100000
19.4503400000
19.4491800000
19.4480100000
19.4468500000
19.4456800000
19.4445100000
19.4433400000
19.4421800000
19.4410100000
19.4398400000
19.4386700000
19.4375000000
19.4363300000
19.4351500000
19.4339800000
19.4328000000
19.4316300000
19.4304500000
19.4292800000
19.4281000000
19.4269300000
19.4257500000
19.4245800000
19.4234000000
19.4222300000
19.4210500000
19.4198800000
19.4187000000
19.4175300000
19.4163600000
19.4151800000
19.4140000000
19.4128200000
19.4116400000
19.4104600000
19.4092800000
19.4080900000
19.4069000000
19.4057100000
19.4045200000
19.4033200000
19.4021200000
19.4009200000
19.3997100000
19.3984900000
19.3972800000
19.3960600000
19.3948400000
19.3936100000
19.3923800000
19.3911500000
19.3899100000
19.3886700000
19.3874300000
19.3861800000
19.3849300000
19.3836800000
19.3824300000
19.3811800000
19.3799200000
19.3786700000
19.3774200000
19.3761600000
19.3749000000
19.3736500000
19.3723900000
19.3711300000
19.3698800000
19.3686300000
19.3673700000
19.3661200000
19.3648700000
19.3636200000
19.3623700000
19.3611200000
19.3598700000
19.3586200000
19.3573700000
19.3561200000
19.3548700000
19.3536200000
19.3523700000
19.3511200000
19.3498600000
19.3486100000
19.3473600000
19.3461000000
19.3448400000
19.3435800000
19.3423200000
19.3410500000
19.3397900000
19.3385200000
19.3372600000
19.3359900000
19.3347100000
19.3334400000
19.3321600000
19.3308800000
19.3296000000
19.3283100000
19.3270300000
19.3257400000
19.3244500000
19.3231600000
19.3218700000
19.3205800000
19.3192800000
19.3179900000
19.3167000000
19.3154000000
19.3141000000
19.3128100000
19.3115100000
19.3102100000
19.3089200000
19.3076300000
19.3063400000
19.3050400000
19.3037500000
19.3024700000
19.3011800000
19.2998900000
19.2986100000
19.2973300000
19.2960500000
19.2947700000
19.2934900000
19.2922100000
19.2909400000
19.2896600000
19.2883900000
19.2871200000
19.2858500000
19.2845700000
19.2833000000
19.2820200000
19.2807400000
19.2794600000
19.2781800000
19.2769000000
19.2756100000
19.2743200000
19.2730300000
19.2717300000
19.2704200000
19.2691100000
19.2678000000
19.2664800000
19.2651500000
19.2638200000
19.2624900000
19.2611400000
19.2598000000
19.2584400000
19.2570900000
19.2557200000
19.2543600000
19.2529900000
19.2516200000
19.2502400000
19.2488600000
19.2474900000
19.2461100000
19.2447300000
19.2433500000
19.2419700000
19.2405900000
19.2392100000
19.2378300000
19.2364600000
19.2350800000
19.2337100000
19.2323400000
19.2309700000
19.2296000000
19.2282400000
19.2268800000
19.2255200000
19.2241600000
19.2228000000
19.2214400000
19.2200900000
19.2187300000
19.2173700000
19.2160200000
19.2146600000
19.2133000000
19.2119400000
19.2105800000
19.2092200000
19.2078600000
19.2064900000
19.2051200000
19.2037500000
19.2023800000
19.2010000000
19.1996200000
19.1982400000
19.1968500000
19.1954600000
19.1940700000
19.1926800000
19.1912800000
19.1898800000
19.1884800000
19.1870700000
19.1856700000
19.1842600000
19.1828600000
19.1814500000
19.1800400000
19.1786300000
19.1772200000
19.1758100000
19.1744000000
19.1729900000
19.1715900000
19.1701800000
19.1687800000
19.1673700000
19.1659700000
19.1645700000
19.1631600000
19.1617700000
19.1603700000
19.1589700000
19.1575700000
19.1561700000
19.1547800000
19.1533800000
19.1519800000
19.1505800000
19.1491800000
19.1477800000
19.1463700000
19.1449700000
19.1435600000
19.1421500000
19.1407400000
19.1393300000
19.1379200000
19.1365000000
19.1350800000
19.1336600000
19.1322400000
19.1308100000
19.1293800000
19.1279500000
19.1265200000
19.1250800000
19.1236500000
19.1222100000
19.1207600000
19.1193200000
19.1178700000
19.1164200000
19.1149700000
19.1135200000
19.1120600000
19.1106100000
19.1091500000
19.1076900000
19.1062300000
19.1047700000
19.1033000000
19.1018400000
19.1003700000
19.0989100000
19.0974400000
19.0959700000
19.0945000000
19.0930300000
19.0915500000
19.0900800000
19.0886100000
19.0871400000
19.0856600000
19.0841900000
19.0827100000
19.0812400000
19.0797600000
19.0782900000
19.0768100000
19.0753300000
19.0738600000
19.0723800000
19.0709000000
19.0694200000
19.0679400000
19.0664600000
19.0649700000
19.0634900000
19.0620100000
19.0605200000
19.0590400000
19.0575500000
19.0560600000
19.0545700000
19.0530800000
19.0515900000
19.0500900000
19.0486000000
19.0471100000
19.0456100000
19.0441100000
19.0426100000
19.0411100000
19.0396000000
19.0381000000
19.0366000000
19.0350900000
19.0335800000
19.0320700000
19.0305600000
19.0290500000
19.0275400000
19.0260300000
19.0245200000
19.0230000000
19.0214800000
19.0199600000
19.0184500000
19.0169300000
19.0154100000
19.0138900000
19.0123600000
19.0108400000
19.0093100000
19.0077800000
19.0062600000
19.0047300000
19.0032000000
19.0016700000
19.0001400000
18.9986000000
18.9970700000
18.9955300000
18.9940000000
18.9924600000
18.9909200000
18.9893800000
18.9878400000
18.9863000000
18.9847500000
18.9832100000
18.9816600000
18.9801100000
18.9785700000
18.9770200000
18.9754600000
18.9739100000
18.9723600000
18.9708000000
18.9692500000
18.9676900000
18.9661400000
18.9645800000
18.9630200000
18.9614500000
18.9598900000
18.9583300000
18.9567600000
18.9552000000
18.9536300000
18.9520700000
18.9505000000
18.9489300000
18.9473600000
18.9457800000
18.9442100000
18.9426400000
18.9410600000
18.9394900000
18.9379100000
18.9363300000
18.9347500000
18.9331700000
18.9315900000
18.9300000000
18.9284200000
18.9268400000
18.9252500000
18.9236600000
18.9220700000
18.9204800000
18.9188900000
18.9173000000
18.9157100000
18.9141200000
18.9125200000
18.9109200000
18.9093300000
18.9077300000
18.9061300000
18.9045300000
18.9029300000
18.9013300000
18.8997200000
18.8981100000
18.8965100000
18.8949000000
18.8932900000
18.8916800000
18.8900700000
18.8884500000
18.8868400000
18.8852300000
18.8836100000
18.8819900000
18.8803700000
18.8787500000
18.8771300000
18.8755100000
18.8738900000
18.8722600000
18.8706400000
18.8690100000
18.8673800000
18.8657500000
18.8641200000
18.8624900000
18.8608600000
18.8592300000
18.8575900000
18.8559600000
18.8543200000
18.8526800000
18.8510400000
18.8494100000
18.8477600000
18.8461200000
18.8444800000
18.8428300000
18.8411800000
18.8395400000
18.8378900000
18.8362400000
18.8345900000
18.8329400000
18.8312900000
18.8296300000
18.8279800000
18.8263200000
18.8246700000
18.8230100000
18.8213500000
18.8197000000
18.8180400000
18.8163800000
18.8147200000
18.8130600000
18.8114000000
18.8097400000
18.8080800000
18.8064200000
18.8047600000
18.8031000000
18.8014400000
18.7997800000
18.7981200000
18.7964500000
18.7947900000
18.7931300000
18.7914600000
18.7898000000
18.7881400000
18.7864700000
18.7848000000
18.7831300000
18.7814600000
18.7797900000
18.7781200000
18.7764500000
18.7747700000
18.7730900000
18.7714100000
18.7697400000
18.7680500000
18.7663700000
18.7646800000
18.7630000000
18.7613100000
18.7596200000
18.7579200000
18.7562300000
18.7545300000
18.7528200000
18.7511200000
18.7494100000
18.7477000000
18.7459900000
18.7442800000
18.7425600000
18.7408400000
18.7391200000
18.7374000000
18.7356700000
18.7339500000
18.7322200000
18.7304900000
18.7287500000
18.7270200000
18.7252800000
18.7235500000
18.7218100000
18.7200700000
18.7183300000
18.7166000000
18.7148500000
18.7131100000
18.7113700000
18.7096200000
18.7078800000
18.7061400000
18.7043900000
18.7026500000
18.7009100000
18.6991600000
18.6974200000
18.6956800000
18.6939300000
18.6921900000
18.6904500000
18.6887000000
18.6869600000
18.6852200000
18.6834700000
18.6817300000
18.6799900000
18.6782400000
18.6765000000
18.6747500000
18.6730100000
18.6712600000
18.6695200000
18.6677700000
18.6660200000
18.6642700000
18.6625200000
18.6607700000
18.6590200000
18.6572600000
18.6555100000
18.6537500000
18.6519900000
18.6502300000
18.6484600000
18.6467000000
18.6449300000
18.6431600000
18.6413900000
18.6396200000
18.6378400000
18.6360600000
18.6342800000
18.6325000000
18.6307100000
18.6289200000
18.6271300000
18.6253400000
18.6235500000
18.6217500000
18.6199500000
18.6181500000
18.6163500000
18.6145500000
18.6127500000
18.6109400000
18.6091300000
18.6073300000
18.6055200000
18.6037100000
18.6019000000
18.6001000000
18.5982900000
18.5964900000
18.5946900000
18.5928800000
18.5910800000
18.5892800000
18.5874800000
18.5856800000
18.5838900000
18.5820900000
18.5802900000
18.5785000000
18.5767000000
18.5749100000
18.5731100000
18.5713200000
18.5695200000
18.5677300000
18.5659300000
18.5641300000
18.5623300000
18.5605200000
18.5587200000
18.5569100000
18.5551000000
18.5532800000
18.5514600000
18.5496400000
18.5478100000
18.5459800000
18.5441500000
18.5423100000
18.5404700000
18.5386200000
18.5367700000
18.5349100000
18.5330500000
18.5311900000
18.5293300000
18.5274600000
18.5256000000
18.5237200000
18.5218500000
18.5199800000
18.5181000000
18.5162300000
18.5143500000
18.5124800000
18.5106000000
18.5087300000
18.5068600000
18.5049900000
18.5031200000
18.5012600000
18.4993900000
18.4975300000
18.4956700000
18.4938100000
18.4919500000
18.4901000000
18.4882500000
18.4863900000
18.4845400000
18.4827000000
18.4808500000
18.4790100000
18.4771600000
18.4753200000
18.4734700000
18.4716300000
18.4697900000
18.4679400000
18.4660900000
18.4642500000
18.4624000000
18.4605500000
18.4587000000
18.4568400000
18.4549900000
18.4531300000
18.4512600000
18.4494000000
18.4475300000
18.4456600000
18.4437900000
18.4419100000
18.4400300000
18.4381500000
18.4362700000
18.4343800000
18.4324900000
18.4306000000
18.4287100000
18.4268100000
18.4249100000
18.4230100000
18.4211100000
18.4192000000
18.4173000000
18.4153900000
18.4134800000
18.4115700000
18.4096600000
18.4077400000
18.4058300000
18.4039100000
18.4019900000
18.4000800000
18.3981600000
18.3962400000
18.3943200000
18.3924000000
18.3904900000
18.3885700000
18.3866400000
18.3847200000
18.3828000000
18.3808700000
18.3789500000
18.3770200000
18.3751000000
18.3731700000
18.3712500000
18.3693200000
18.3674000000
18.3654700000
18.3635400000
18.3616100000
18.3596700000
18.3577400000
18.3558100000
18.3538800000
18.3519400000
18.3500100000
18.3480700000
18.3461300000
18.3441900000
18.3422500000
18.3403100000
18.3383700000
18.3364200000
18.3344800000
18.3325300000
18.3305900000
18.3286400000
18.3266900000
18.3247400000
18.3227900000
18.3208400000
18.3188900000
18.3169300000
18.3149800000
18.3130200000
18.3110600000
18.3091000000
18.3071500000
18.3051900000
18.3032300000
18.3012700000
18.2993000000
18.2973400000
18.2953800000
18.2934100000
18.2914500000
18.2894800000
18.2875200000
18.2855500000
18.2835800000
18.2816000000
18.2796300000
18.2776600000
18.2756900000
18.2737100000
18.2717300000
18.2697600000
18.2677800000
18.2658000000
18.2638100000
18.2618300000
18.2598500000
18.2578600000
18.2558700000
18.2538800000
18.2518900000
18.2499000000
18.2479100000
18.2459100000
18.2439100000
18.2419200000
18.2399200000
18.2379200000
18.2359200000
18.2339200000
18.2319100000
18.2299100000
18.2279000000
18.2258900000
18.2238900000
18.2218800000
18.2198800000
18.2178700000
18.2158500000
18.2138400000
18.2118300000
18.2098200000
18.2078100000
18.2057900000
18.2037800000
18.2017600000
18.1997500000
18.1977300000
18.1957200000
18.1937000000
18.1916900000
18.1896700000
18.1876500000
18.1856300000
18.1836200000
18.1815900000
18.1795700000
18.1775500000
18.1755200000
18.1734900000
18.1714700000
18.1694400000
18.1674100000
18.1653800000
18.1633500000
18.1613100000
18.1592800000
18.1572400000
18.1552000000
18.1531700000
18.1511300000
18.1490800000
18.1470400000
18.1449900000
18.1429500000
18.1409000000
18.1388500000
18.1368000000
18.1347500000
18.1327000000
18.1306400000
18.1285900000
18.1265400000
18.1244800000
18.1224200000
18.1203700000
18.1183100000
18.1162500000
18.1141900000
18.1121300000
18.1100700000
18.1080100000
18.1059500000
18.1038900000
18.1018200000
18.0997600000
18.0976900000
18.0956300000
18.0935700000
18.0915000000
18.0894400000
18.0873700000
18.0853100000
18.0832400000
18.0811800000
18.0791100000
18.0770400000
18.0749700000
18.0729000000
18.0708300000
18.0687500000
18.0666800000
18.0646100000
18.0625300000
18.0604500000
18.0583700000
18.0562900000
18.0542100000
18.0521200000
18.0500400000
18.0479500000
18.0458600000
18.0437700000
18.0416800000
18.0395800000
18.0374900000
18.0353900000
18.0332900000
18.0311900000
18.0290900000
18.0269900000
18.0248800000
18.0227700000
18.0206700000
18.0185600000
18.0164500000
18.0143300000
18.0122200000
18.0101100000
18.0079900000
18.0058700000
18.0037500000
18.0016300000
17.9995100000
17.9973900000
17.9952600000
17.9931400000
17.9910100000
17.9888900000
17.9867600000
17.9846300000
17.9825100000
17.9803800000
17.9782500000
17.9761200000
17.9739900000
17.9718600000
17.9697300000
17.9676000000
17.9654700000
17.9633400000
17.9612100000
17.9590800000
17.9569400000
17.9548100000
17.9526700000
17.9505300000
17.9484000000
17.9462600000
17.9441300000
17.9419900000
17.9398500000
17.9377200000
17.9355800000
17.9334400000
17.9313000000
17.9291600000
17.9270200000
17.9248800000
17.9227300000
17.9205900000
17.9184400000
17.9163000000
17.9141500000
17.9119900000
17.9098400000
17.9076900000
17.9055400000
17.9033800000
17.9012200000
17.8990600000
17.8969000000
17.8947400000
17.8925700000
17.8904000000
17.8882300000
17.8860500000
17.8838800000
17.8817000000
17.8795200000
17.8773400000
17.8751600000
17.8729700000
17.8707800000
17.8685900000
17.8664000000
17.8642100000
17.8620200000
17.8598200000
17.8576200000
17.8554200000
17.8532200000
17.8510200000
17.8488200000
17.8466200000
17.8444200000
17.8422200000
17.8400200000
17.8378100000
17.8356100000
17.8334100000
17.8312100000
17.8290100000
17.8268100000
17.8246100000
17.8224100000
17.8202100000
17.8180000000
17.8158000000
17.8135900000
17.8113900000
17.8091900000
17.8069800000
17.8047800000
17.8025700000
17.8003600000
17.7981500000
17.7959500000
17.7937400000
17.7915200000
17.7893100000
17.7870900000
17.7848700000
17.7826500000
17.7804300000
17.7782000000
17.7759700000
17.7737400000
17.7715000000
17.7692600000
17.7670200000
17.7647700000
17.7625300000
17.7602800000
17.7580200000
17.7557700000
17.7535100000
17.7512500000
17.7489900000
17.7467300000
17.7444600000
17.7422000000
17.7399300000
17.7376700000
17.7354000000
17.7331300000
17.7308700000
17.7286000000
17.7263400000
17.7240700000
17.7218000000
17.7195400000
17.7172800000
17.7150100000
17.7127500000
17.7104900000
17.7082300000
17.7059700000
17.7037100000
17.7014500000
17.6991900000
17.6969400000
17.6946800000
17.6924200000
17.6901600000
17.6879000000
17.6856400000
17.6833800000
17.6811100000
17.6788500000
17.6765800000
17.6743100000
17.6720400000
17.6697700000
17.6674900000
17.6652100000
17.6629400000
17.6606500000
17.6583700000
17.6560800000
17.6537900000
17.6514900000
17.6492000000
17.6469000000
17.6446000000
17.6423000000
17.6400000000
17.6376900000
17.6353900000
17.6330800000
17.6307700000
17.6284600000
17.6261400000
17.6238300000
17.6215200000
17.6192100000
17.6168900000
17.6145700000
17.6122500000
17.6099400000
17.6076200000
17.6053000000
17.6029800000
17.6006600000
17.5983400000
17.5960300000
17.5937100000
17.5913900000
17.5890700000
17.5867500000
17.5844300000
17.5821100000
17.5798000000
17.5774800000
17.5751600000
17.5728500000
17.5705300000
17.5682100000
17.5658900000
17.5635700000
17.5612400000
17.5589200000
17.5566000000
17.5542700000
17.5519500000
17.5496200000
17.5472900000
17.5449700000
17.5426300000
17.5403000000
17.5379700000
17.5356300000
17.5333000000
17.5309600000
17.5286100000
17.5262700000
17.5239300000
17.5215800000
17.5192300000
17.5168800000
17.5145300000
17.5121800000
17.5098200000
17.5074600000
17.5051000000
17.5027400000
17.5003800000
17.4980100000
17.4956500000
17.4932800000
17.4909100000
17.4885400000
17.4861700000
17.4837900000
17.4814200000
17.4790400000
17.4766600000
17.4742900000
17.4719100000
17.4695300000
17.4671500000
17.4647700000
17.4623900000
17.4600000000
17.4576200000
17.4552400000
17.4528600000
17.4504700000
17.4480900000
17.4457000000
17.4433200000
17.4409300000
17.4385400000
17.4361500000
17.4337600000
17.4313600000
17.4289700000
17.4265700000
17.4241800000
17.4217800000
17.4193700000
17.4169700000
17.4145700000
17.4121600000
17.4097500000
17.4073400000
17.4049300000
17.4025100000
17.4000900000
17.3976700000
17.3952500000
17.3928200000
17.3903900000
17.3879700000
17.3855300000
17.3831000000
17.3806700000
17.3782300000
17.3758000000
17.3733600000
17.3709200000
17.3684800000
17.3660400000
17.3636000000
17.3611600000
17.3587200000
17.3562700000
17.3538300000
17.3513900000
17.3489400000
17.3465000000
17.3440600000
17.3416100000
17.3391700000
17.3367300000
17.3342800000
17.3318400000
17.3294000000
17.3269500000
17.3245100000
17.3220600000
17.3196200000
17.3171700000
17.3147300000
17.3122800000
17.3098300000
17.3073900000
17.3049400000
17.3024900000
17.3000400000
17.2975900000
17.2951300000
17.2926700000
17.2902100000
17.2877600000
17.2853000000
17.2828300000
17.2803600000
17.2779000000
17.2754300000
17.2729600000
17.2704800000
17.2680100000
17.2655300000
17.2630600000
17.2605700000
17.2580900000
17.2556100000
17.2531200000
17.2506400000
17.2481500000
17.2456700000
17.2431800000
17.2406900000
17.2382000000
17.2357000000
17.2332100000
17.2307200000
17.2282300000
17.2257300000
17.2232400000
17.2207500000
17.2182500000
17.2157600000
17.2132600000
17.2107700000
17.2082700000
17.2057800000
17.2032800000
17.2007900000
17.1982900000
17.1957900000
17.1932900000
17.1907900000
17.1882900000
17.1857800000
17.1832800000
17.1807800000
17.1782700000
17.1757700000
17.1732600000
17.1707500000
17.1682400000
17.1657300000
17.1632200000
17.1607000000
17.1581900000
17.1556700000
17.1531500000
17.1506300000
17.1481100000
17.1455800000
17.1430500000
17.1405300000
17.1380000000
17.1354600000
17.1329300000
17.1304000000
17.1278600000
17.1253200000
17.1227800000
17.1202400000
17.1177000000
17.1151500000
17.1126100000
17.1100600000
17.1075100000
17.1049600000
17.1024100000
17.0998600000
17.0973100000
17.0947500000
17.0921900000
17.0896400000
17.0870800000
17.0845200000
17.0819600000
17.0794100000
17.0768500000
17.0742900000
17.0717200000
17.0691600000
17.0666000000
17.0640300000
17.0614700000
17.0589000000
17.0563400000
17.0537700000
17.0512000000
17.0486400000
17.0460700000
17.0435000000
17.0409300000
17.0383500000
17.0357800000
17.0332100000
17.0306400000
17.0280600000
17.0254900000
17.0229100000
17.0203300000
17.0177500000
17.0151700000
17.0125900000
17.0100100000
17.0074300000
17.0048400000
17.0022500000
16.9996600000
16.9970700000
16.9944800000
16.9918900000
16.9893000000
16.9867000000
16.9841000000
16.9815100000
16.9789100000
16.9763100000
16.9737000000
16.9711000000
16.9684900000
16.9658900000
16.9632800000
16.9606700000
16.9580600000
16.9554400000
16.9528300000
16.9502200000
16.9476100000
16.9449900000
16.9423700000
16.9397500000
16.9371300000
16.9345100000
16.9318900000
16.9292700000
16.9266500000
16.9240200000
16.9213900000
16.9187700000
16.9161400000
16.9135200000
16.9108900000
16.9082600000
16.9056300000
16.9030000000
16.9003700000
16.8977500000
16.8951100000
16.8924800000
16.8898400000
16.8872100000
16.8845800000
16.8819400000
16.8793100000
16.8766700000
16.8740400000
16.8714000000
16.8687600000
16.8661200000
16.8634800000
16.8608400000
16.8582000000
16.8555600000
16.8529100000
16.8502700000
16.8476200000
16.8449700000
16.8423200000
16.8396700000
16.8370200000
16.8343600000
16.8317100000
16.8290500000
16.8263900000
16.8237200000
16.8210600000
16.8183900000
16.8157300000
16.8130600000
16.8103900000
16.8077100000
16.8050400000
16.8023600000
16.7996800000
16.7970000000
16.7943200000
16.7916400000
16.7889500000
16.7862600000
16.7835700000
16.7808800000
16.7781900000
16.7755000000
16.7728100000
16.7701100000
16.7674200000
16.7647200000
16.7620300000
16.7593300000
16.7566300000
16.7539300000
16.7512400000
16.7485400000
16.7458400000
16.7431400000
16.7404300000
16.7377300000
16.7350300000
16.7323200000
16.7296200000
16.7269200000
16.7242100000
16.7215100000
16.7188000000
16.7160900000
16.7133800000
16.7106700000
16.7079500000
16.7052400000
16.7025200000
16.6998000000
16.6970800000
16.6943600000
16.6916300000
16.6889000000
16.6861700000
16.6834400000
16.6807100000
16.6779700000
16.6752300000
16.6724900000
16.6697500000
16.6670000000
16.6642500000
16.6615000000
16.6587600000
16.6560000000
16.6532500000
16.6504900000
16.6477400000
16.6449800000
16.6422200000
16.6394600000
16.6367100000
16.6339500000
16.6311900000
16.6284300000
16.6256700000
16.6229100000
16.6201500000
16.6173900000
16.6146300000
16.6118700000
16.6091100000
16.6063500000
16.6035900000
16.6008300000
16.5980700000
16.5953100000
16.5925500000
16.5897900000
16.5870300000
16.5842700000
16.5815000000
16.5787400000
16.5759800000
16.5732200000
16.5704500000
16.5676800000
16.5649100000
16.5621400000
16.5593700000
16.5566000000
16.5538200000
16.5510500000
16.5482700000
16.5454900000
16.5427100000
16.5399300000
16.5371400000
16.5343600000
16.5315700000
16.5287800000
16.5259900000
16.5232000000
16.5204000000
16.5176100000
16.5148100000
16.5120100000
16.5092200000
16.5064100000
16.5036100000
16.5008100000
16.4980000000
16.4952000000
16.4923900000
16.4895900000
16.4867700000
16.4839600000
16.4811500000
16.4783400000
16.4755300000
16.4727100000
16.4699000000
16.4670800000
16.4642700000
16.4614500000
16.4586300000
16.4558100000
16.4529900000
16.4501600000
16.4473400000
16.4445200000
16.4416900000
16.4388700000
16.4360400000
16.4332100000
16.4303800000
16.4275500000
16.4247200000
16.4218900000
16.4190500000
16.4162200000
16.4133800000
16.4105400000
16.4077100000
16.4048700000
16.4020200000
16.3991800000
16.3963400000
16.3934900000
16.3906500000
16.3878000000
16.3849500000
16.3821000000
16.3792500000
16.3763900000
16.3735400000
16.3706800000
16.3678200000
16.3649600000
16.3621000000
16.3592300000
16.3563700000
16.3534900000
16.3506200000
16.3477500000
16.3448800000
16.3420000000
16.3391200000
16.3362300000
16.3333500000
16.3304600000
16.3275700000
16.3246800000
16.3217800000
16.3188900000
16.3159900000
16.3130900000
16.3101900000
16.3072900000
16.3043800000
16.3014700000
16.2985600000
16.2956600000
16.2927500000
16.2898300000
16.2869200000
16.2840100000
16.2810900000
16.2781800000
16.2752600000
16.2723400000
16.2694200000
16.2665000000
16.2635900000
16.2606700000
16.2577500000
16.2548300000
16.2519100000
16.2489900000
16.2460700000
16.2431500000
16.2402200000
16.2373000000
16.2343700000
16.2314400000
16.2285200000
16.2255900000
16.2226600000
16.2197300000
16.2168000000
16.2138600000
16.2109300000
16.2079900000
16.2050500000
16.2021100000
16.1991700000
16.1962300000
16.1932800000
16.1903300000
16.1873800000
16.1844300000
16.1814800000
16.1785200000
16.1755700000
16.1726100000
16.1696500000
16.1666900000
16.1637200000
16.1607600000
16.1577900000
16.1548300000
16.1518500000
16.1488800000
16.1459100000
16.1429400000
16.1399600000
16.1369900000
16.1340200000
16.1310400000
16.1280700000
16.1250900000
16.1221100000
16.1191300000
16.1161500000
16.1131700000
16.1101900000
16.1072100000
16.1042300000
16.1012500000
16.0982600000
16.0952800000
16.0923000000
16.0893100000
16.0863300000
16.0833400000
16.0803500000
16.0773600000
16.0743700000
16.0713800000
16.0683900000
16.0653900000
16.0623900000
16.0593900000
16.0563900000
16.0533900000
16.0503800000
16.0473800000
16.0443700000
16.0413600000
16.0383400000
16.0353300000
16.0323100000
16.0292900000
16.0262700000
16.0232500000
16.0202200000
16.0171900000
16.0141700000
16.0111300000
16.0081000000
16.0050600000
16.0020200000
15.9989800000
15.9959400000
15.9929000000
15.9898500000
15.9868000000
15.9837500000
15.9807000000
15.9776500000
15.9746000000
15.9715500000
15.9684900000
15.9654400000
15.9623800000
15.9593200000
15.9562600000
15.9532000000
15.9501400000
15.9470700000
15.9440100000
15.9409400000
15.9378800000
15.9348100000
15.9317500000
15.9286800000
15.9256100000
15.9225300000
15.9194600000
15.9163900000
15.9133100000
15.9102400000
15.9071600000
15.9040800000
15.9010000000
15.8979200000
15.8948400000
15.8917600000
15.8886700000
15.8855800000
15.8824900000
15.8794000000
15.8763100000
15.8732200000
15.8701300000
15.8670300000
15.8639400000
15.8608400000
15.8577400000
15.8546400000
15.8515300000
15.8484300000
15.8453200000
15.8422100000
15.8391100000
15.8360000000
15.8328900000
15.8297700000
15.8266600000
15.8235400000
15.8204300000
15.8173100000
15.8141900000
15.8110700000
15.8079500000
15.8048200000
15.8017000000
15.7985700000
15.7954400000
15.7923100000
15.7891800000
15.7860500000
15.7829200000
15.7797800000
15.7766500000
15.7735100000
15.7703700000
15.7672300000
15.7640800000
15.7609400000
15.7578000000
15.7546500000
15.7515000000
15.7483500000
15.7452000000
15.7420500000
15.7388900000
15.7357300000
15.7325700000
15.7294100000
15.7262500000
15.7230900000
15.7199200000
15.7167500000
15.7135800000
15.7104100000
15.7072400000
15.7040600000
15.7008900000
15.6977100000
15.6945300000
15.6913500000
15.6881600000
15.6849800000
15.6817900000
15.6786000000
15.6754200000
15.6722300000
15.6690400000
15.6658400000
15.6626500000
15.6594500000
15.6562600000
15.6530600000
15.6498600000
15.6466600000
15.6434600000
15.6402500000
15.6370500000
15.6338500000
15.6306400000
15.6274400000
15.6242300000
15.6210200000
15.6178100000
15.6146000000
15.6113900000
15.6081700000
15.6049600000
15.6017500000
15.5985300000
15.5953200000
15.5921000000
15.5888800000
15.5856600000
15.5824400000
15.5792200000
15.5759900000
15.5727700000
15.5695500000
15.5663200000
15.5630900000
15.5598600000
15.5566300000
15.5534000000
15.5501700000
15.5469400000
15.5437000000
15.5404600000
15.5372300000
15.5339900000
15.5307400000
15.5275000000
15.5242600000
15.5210100000
15.5177700000
15.5145200000
15.5112700000
15.5080100000
15.5047600000
15.5015000000
15.4982500000
15.4949900000
15.4917300000
15.4884600000
15.4852000000
15.4819300000
15.4786600000
15.4753900000
15.4721200000
15.4688500000
15.4655700000
15.4622900000
15.4590100000
15.4557300000
15.4524500000
15.4491600000
15.4458800000
15.4425900000
15.4392900000
15.4360000000
15.4327100000
15.4294100000
15.4261100000
15.4228100000
15.4195100000
15.4162100000
15.4129000000
15.4096000000
15.4062900000
15.4029800000
15.3996700000
15.3963500000
15.3930400000
15.3897200000
15.3864000000
15.3830800000
15.3797600000
15.3764400000
15.3731100000
15.3697800000
15.3664600000
15.3631200000
15.3597900000
15.3564500000
15.3531200000
15.3497800000
15.3464400000
15.3431000000
15.3397600000
15.3364100000
15.3330700000
15.3297200000
15.3263700000
15.3230200000
15.3196600000
15.3163100000
15.3129500000
15.3096000000
15.3062400000
15.3028800000
15.2995100000
15.2961500000
15.2927900000
15.2894300000
15.2860600000
15.2826900000
15.2793300000
15.2759600000
15.2725900000
15.2692200000
15.2658500000
15.2624800000
15.2591000000
15.2557200000
15.2523500000
15.2489700000
15.2455900000
15.2422100000
15.2388300000
15.2354500000
15.2320700000
15.2286900000
15.2253000000
15.2219200000
15.2185300000
15.2151500000
15.2117600000
15.2083700000
15.2049800000
15.2015900000
15.1981900000
15.1948000000
15.1914000000
15.1880100000
15.1846100000
15.1812100000
15.1778100000
15.1744100000
15.1710100000
15.1676000000
15.1642000000
15.1607900000
15.1573800000
15.1539800000
15.1505700000
15.1471500000
15.1437400000
15.1403300000
15.1369100000
15.1334900000
15.1300700000
15.1266500000
15.1232300000
15.1198100000
15.1163900000
15.1129600000
15.1095300000
15.1061000000
15.1026700000
15.0992400000
15.0958100000
15.0923700000
15.0889300000
15.0854900000
15.0820500000
15.0786100000
15.0751600000
15.0717100000
15.0682600000
15.0648100000
15.0613600000
15.0579000000
15.0544500000
15.0509900000
15.0475200000
15.0440600000
15.0405900000
15.0371200000
15.0336500000
15.0301800000
15.0267000000
15.0232300000
15.0197500000
15.0162600000
15.0127800000
15.0092900000
15.0058000000
15.0023100000
14.9988200000
14.9953200000
14.9918300000
14.9883300000
14.9848300000
14.9813200000
14.9778100000
14.9743100000
14.9708000000
14.9672900000
14.9637700000
14.9602600000
14.9567400000
14.9532300000
14.9497100000
14.9461800000
14.9426600000
14.9391400000
14.9356200000
14.9320900000
14.9285600000
14.9250300000
14.9215000000
14.9179700000
14.9144400000
14.9109000000
14.9073600000
14.9038300000
14.9002900000
14.8967500000
14.8932000000
14.8896600000
14.8861100000
14.8825600000
14.8790100000
14.8754600000
14.8719100000
14.8683500000
14.8647900000
14.8612300000
14.8576700000
14.8541100000
14.8505500000
14.8469800000
14.8434100000
14.8398500000
14.8362800000
14.8327000000
14.8291300000
14.8255500000
14.8219700000
14.8184000000
14.8148200000
14.8112400000
14.8076600000
14.8040800000
14.8004900000
14.7969000000
14.7933100000
14.7897300000
14.7861400000
14.7825500000
14.7789600000
14.7753700000
14.7717700000
14.7681800000
14.7645800000
14.7609800000
14.7573800000
14.7537800000
14.7501800000
14.7465800000
14.7429800000
14.7393700000
14.7357600000
14.7321500000
14.7285400000
14.7249300000
14.7213200000
14.7177000000
14.7140800000
14.7104600000
14.7068400000
14.7032100000
14.6995900000
14.6959600000
14.6923300000
14.6886900000
14.6850600000
14.6814200000
14.6777800000
14.6741400000
14.6704900000
14.6668400000
14.6631900000
14.6595400000
14.6558900000
14.6522300000
14.6485700000
14.6449100000
14.6412500000
14.6375800000
14.6339200000
14.6302500000
14.6265800000
14.6229100000
14.6192400000
14.6155600000
14.6118900000
14.6082100000
14.6045300000
14.6008500000
14.5971700000
14.5934800000
14.5898000000
14.5861100000
14.5824200000
14.5787300000
14.5750400000
14.5713500000
14.5676500000
14.5639500000
14.5602500000
14.5565500000
14.5528500000
14.5491400000
14.5454400000
14.5417300000
14.5380200000
14.5343100000
14.5305900000
14.5268800000
14.5231600000
14.5194400000
14.5157200000
14.5120000000
14.5082700000
14.5045400000
14.5008100000
14.4970800000
14.4933500000
14.4896100000
14.4858700000
14.4821400000
14.4784000000
14.4746500000
14.4709100000
14.4671600000
14.4634100000
14.4596600000
14.4559100000
14.4521500000
14.4483900000
14.4446300000
14.4408700000
14.4371100000
14.4333400000
14.4295800000
14.4258100000
14.4220400000
14.4182600000
14.4144900000
14.4107100000
14.4069300000
14.4031500000
14.3993700000
14.3955800000
14.3918000000
14.3880100000
14.3842200000
14.3804200000
14.3766300000
14.3728300000
14.3690300000
14.3652300000
14.3614300000
14.3576200000
14.3538100000
14.3500000000
14.3461900000
14.3423800000
14.3385600000
14.3347400000
14.3309200000
14.3271000000
14.3232800000
14.3194600000
14.3156300000
14.3118000000
14.3079700000
14.3041400000
14.3003100000
14.2964700000
14.2926400000
14.2888000000
14.2849600000
14.2811200000
14.2772800000
14.2734400000
14.2695900000
14.2657500000
14.2619000000
14.2580500000
14.2542000000
14.2503500000
14.2464900000
14.2426300000
14.2387800000
14.2349200000
14.2310600000
14.2271900000
14.2233300000
14.2194600000
14.2155900000
14.2117200000
14.2078500000
14.2039700000
14.2000900000
14.1962100000
14.1923300000
14.1884500000
14.1845700000
14.1806800000
14.1767900000
14.1729000000
14.1690100000
14.1651100000
14.1612200000
14.1573200000
14.1534200000
14.1495200000
14.1456100000
14.1417000000
14.1378000000
14.1338900000
14.1299700000
14.1260600000
14.1221500000
14.1182300000
14.1143100000
14.1103900000
14.1064700000
14.1025400000
14.0986200000
14.0946900000
14.0907600000
14.0868300000
14.0829000000
14.0789700000
14.0750400000
14.0711000000
14.0671600000
14.0632200000
14.0592800000
14.0553300000
14.0513900000
14.0474400000
14.0435000000
14.0395500000
14.0355900000
14.0316400000
14.0276900000
14.0237300000
14.0197700000
14.0158100000
14.0118400000
14.0078800000
14.0039200000
13.9999500000
13.9959800000
13.9920100000
13.9880400000
13.9840600000
13.9800800000
13.9761000000
13.9721200000
13.9681400000
13.9641500000
13.9601700000
13.9561700000
13.9521800000
13.9481900000
13.9442000000
13.9402000000
13.9362000000
13.9322000000
13.9281900000
13.9241900000
13.9201800000
13.9161700000
13.9121600000
13.9081500000
13.9041300000
13.9001100000
13.8960900000
13.8920600000
13.8880400000
13.8840100000
13.8799800000
13.8759500000
13.8719100000
13.8678700000
13.8638300000
13.8597900000
13.8557500000
13.8517100000
13.8476600000
13.8436100000
13.8395600000
13.8355100000
13.8314500000
13.8273900000
13.8233300000
13.8192700000
13.8152000000
13.8111400000
13.8070700000
13.8029900000
13.7989200000
13.7948400000
13.7907600000
13.7866800000
13.7826000000
13.7785200000
13.7744300000
13.7703400000
13.7662500000
13.7621600000
13.7580600000
13.7539600000
13.7498600000
13.7457600000
13.7416500000
13.7375500000
13.7334400000
13.7293300000
13.7252200000
13.7211000000
13.7169800000
13.7128600000
13.7087400000
13.7046200000
13.7004900000
13.6963600000
13.6922400000
13.6881000000
13.6839700000
13.6798300000
13.6757000000
13.6715600000
13.6674200000
13.6632700000
13.6591300000
13.6549800000
13.6508300000
13.6466800000
13.6425300000
13.6383800000
13.6342200000
13.6300700000
13.6259100000
13.6217500000
13.6175800000
13.6134200000
13.6092500000
13.6050900000
13.6009200000
13.5967500000
13.5925800000
13.5884000000
13.5842200000
13.5800500000
13.5758700000
13.5716900000
13.5675100000
13.5633200000
13.5591400000
13.5549500000
13.5507700000
13.5465700000
13.5423800000
13.5381900000
13.5339900000
13.5298000000
13.5256000000
13.5213900000
13.5171900000
13.5129900000
13.5087800000
13.5045700000
13.5003600000
13.4961500000
13.4919400000
13.4877200000
13.4835000000
13.4792800000
13.4750600000
13.4708300000
13.4666100000
13.4623800000
13.4581500000
13.4539200000
13.4496900000
13.4454500000
13.4412100000
13.4369700000
13.4327300000
13.4284800000
13.4242300000
13.4199800000
13.4157300000
13.4114800000
13.4072200000
13.4029500000
13.3986900000
13.3944200000
13.3901500000
13.3858800000
13.3816100000
13.3773300000
13.3730400000
13.3687600000
13.3644700000
13.3601800000
13.3558900000
13.3515900000
13.3473000000
13.3429900000
13.3386900000
13.3343800000
13.3300800000
13.3257700000
13.3214500000
13.3171300000
13.3128200000
13.3084900000
13.3041700000
13.2998400000
13.2955200000
13.2911800000
13.2868500000
13.2825200000
13.2781800000
13.2738400000
13.2695000000
13.2651600000
13.2608100000
13.2564600000
13.2521100000
13.2477600000
13.2434100000
13.2390500000
13.2347000000
13.2303400000
13.2259800000
13.2216200000
13.2172500000
13.2128800000
13.2085200000
13.2041500000
13.1997800000
13.1954000000
13.1910300000
13.1866500000
13.1822700000
13.1778900000
13.1735000000
13.1691200000
13.1647200000
13.1603300000
13.1559400000
13.1515400000
13.1471400000
13.1427400000
13.1383400000
13.1339300000
13.1295300000
13.1251200000
13.1207100000
13.1162900000
13.1118700000
13.1074600000
13.1030400000
13.0986100000
13.0941900000
13.0897600000
13.0853300000
13.0809000000
13.0764700000
13.0720300000
13.0676000000
13.0631600000
13.0587200000
13.0542700000
13.0498300000
13.0453800000
13.0409300000
13.0364800000
13.0320300000
13.0275700000
13.0231100000
13.0186500000
13.0141900000
13.0097200000
13.0052600000
13.0007900000
12.9963200000
12.9918400000
12.9873700000
12.9828900000
12.9784100000
12.9739300000
12.9694400000
12.9649500000
12.9604600000
12.9559700000
12.9514800000
12.9469800000
12.9424800000
12.9379800000
12.9334700000
12.9289700000
12.9244600000
12.9199400000
12.9154300000
12.9109100000
12.9063900000
12.9018700000
12.8973500000
12.8928200000
12.8882900000
12.8837600000
12.8792200000
12.8746900000
12.8701500000
12.8656100000
12.8610600000
12.8565200000
12.8519700000
12.8474200000
12.8428700000
12.8383100000
12.8337600000
12.8292000000
12.8246400000
12.8200800000
12.8155100000
12.8109500000
12.8063800000
12.8018100000
12.7972400000
12.7926600000
12.7880900000
12.7835100000
12.7789300000
12.7743500000
12.7697600000
12.7651800000
12.7605900000
12.7560000000
12.7514100000
12.7468100000
12.7422200000
12.7376200000
12.7330200000
12.7284100000
12.7238100000
12.7192000000
12.7145900000
12.7099800000
12.7053600000
12.7007500000
12.6961300000
12.6915100000
12.6868800000
12.6822600000
12.6776300000
12.6730000000
12.6683600000
12.6637300000
12.6590900000
12.6544500000
12.6498100000
12.6451600000
12.6405100000
12.6358600000
12.6312100000
12.6265600000
12.6219000000
12.6172500000
12.6125900000
12.6079300000
12.6032700000
12.5986000000
12.5939400000
12.5892700000
12.5846100000
12.5799400000
12.5752700000
12.5705900000
12.5659200000
12.5612500000
12.5565700000
12.5519000000
12.5472200000
12.5425400000
12.5378600000
12.5331800000
12.5284900000
12.5238100000
12.5191300000
12.5144400000
12.5097500000
12.5050600000
12.5003700000
12.4956800000
12.4909800000
12.4862800000
12.4815800000
12.4768800000
12.4721900000
12.4674800000
12.4627800000
12.4580700000
12.4533600000
12.4486600000
12.4439400000
12.4392300000
12.4345200000
12.4298000000
12.4250800000
12.4203600000
12.4156400000
12.4109200000
12.4062000000
12.4014700000
12.3967500000
12.3920200000
12.3872900000
12.3825600000
12.3778300000
12.3731000000
12.3683600000
12.3636300000
12.3589000000
12.3541600000
12.3494200000
12.3446900000
12.3399500000
12.3352100000
12.3304700000
12.3257300000
12.3209900000
12.3162500000
12.3115100000
12.3067600000
12.3020200000
12.2972800000
12.2925300000
12.2877900000
12.2830400000
12.2782900000
12.2735400000
12.2688000000
12.2640500000
12.2593000000
12.2545500000
12.2498000000
12.2450400000
12.2402900000
12.2355300000
12.2307800000
12.2260200000
12.2212700000
12.2165100000
12.2117400000
12.2069800000
12.2022200000
12.1974600000
12.1927000000
12.1879300000
12.1831700000
12.1784100000
12.1736400000
12.1688700000
12.1641000000
12.1593300000
12.1545600000
12.1497900000
12.1450200000
12.1402500000
12.1354800000
12.1307100000
12.1259400000
12.1211700000
12.1164000000
12.1116300000
12.1068600000
12.1020900000
12.0973100000
12.0925400000
12.0877700000
12.0830000000
12.0782200000
12.0734500000
12.0686800000
12.0639100000
12.0591400000
12.0543700000
12.0496000000
12.0448300000
12.0400600000
12.0353000000
12.0305300000
12.0257600000
12.0210000000
12.0162300000
12.0114600000
12.0067000000
12.0019300000
11.9971700000
11.9924000000
11.9876400000
11.9828700000
11.9781100000
11.9733400000
11.9685800000
11.9638200000
11.9590600000
11.9543000000
11.9495400000
11.9447800000
11.9400200000
11.9352600000
11.9305100000
11.9257500000
11.9209900000
11.9162300000
11.9114800000
11.9067200000
11.9019700000
11.8972100000
11.8924600000
11.8877000000
11.8829500000
11.8782000000
11.8734600000
11.8687100000
11.8639600000
11.8592100000
11.8544600000
11.8497200000
11.8449700000
11.8402300000
11.8354800000
11.8307300000
11.8259900000
11.8212500000
11.8165100000
11.8117700000
11.8070300000
11.8022900000
11.7975500000
11.7928200000
11.7880800000
11.7833500000
11.7786100000
11.7738800000
11.7691500000
11.7644200000
11.7596900000
11.7549600000
11.7502400000
11.7455100000
11.7407900000
11.7360700000
11.7313500000
11.7266300000
11.7219100000
11.7172000000
11.7124900000
11.7077700000
11.7030700000
11.6983600000
11.6936500000
11.6889500000
11.6842500000
11.6795600000
11.6748600000
11.6701700000
11.6654800000
11.6607900000
11.6561100000
11.6514200000
11.6467400000
11.6420700000
11.6373900000
11.6327200000
11.6280500000
11.6233800000
11.6187200000
11.6140600000
11.6094000000
11.6047500000
11.6001000000
11.5954500000
11.5908100000
11.5861600000
11.5815300000
11.5768900000
11.5722600000
11.5676300000
11.5630000000
11.5583700000
11.5537500000
11.5491400000
11.5445300000
11.5399100000
11.5353100000
11.5307000000
11.5261000000
11.5215000000
11.5169000000
11.5123100000
11.5077200000
11.5031400000
11.4985600000
11.4939800000
11.4894000000
11.4848300000
11.4802600000
11.4757000000
11.4711300000
11.4665800000
11.4620200000
11.4574700000
11.4529200000
11.4483700000
11.4438300000
11.4392900000
11.4347500000
11.4302200000
11.4256900000
11.4211600000
11.4166400000
11.4121200000
11.4076000000
11.4030900000
11.3985700000
11.3940600000
11.3895600000
11.3850500000
11.3805600000
11.3760600000
11.3715700000
11.3670800000
11.3625900000
11.3581100000
11.3536200000
11.3491500000
11.3446700000
11.3402000000
11.3357300000
11.3312700000
11.3268100000
11.3223500000
11.3179000000
11.3134500000
11.3090000000
11.3045600000
11.3001200000
11.2956800000
11.2912500000
11.2868200000
11.2824000000
11.2779800000
11.2735600000
11.2691500000
11.2647400000
11.2603400000
11.2559400000
11.2515500000
11.2471600000
11.2427700000
11.2384000000
11.2340200000
11.2296500000
11.2252800000
11.2209200000
11.2165600000
11.2122100000
11.2078600000
11.2035100000
11.1991700000
11.1948400000
11.1905000000
11.1861800000
11.1818500000
11.1775400000
11.1732200000
11.1689100000
11.1646100000
11.1603100000
11.1560200000
11.1517300000
11.1474500000
11.1431700000
11.1388900000
11.1346200000
11.1303500000
11.1260900000
11.1218300000
11.1175800000
11.1133400000
11.1090900000
11.1048500000
11.1006200000
11.0964000000
11.0921700000
11.0879600000
11.0837400000
11.0795300000
11.0753300000
11.0711300000
11.0669400000
11.0627500000
11.0585700000
11.0543900000
11.0502200000
11.0460500000
11.0418800000
11.0377200000
11.0335700000
11.0294200000
11.0252800000
11.0211400000
11.0170000000
11.0128700000
11.0087500000
11.0046300000
11.0005100000
10.9964100000
10.9923000000
10.9882000000
10.9841000000
10.9800100000
10.9759300000
10.9718400000
10.9677700000
10.9637000000
10.9596300000
10.9555700000
10.9515100000
10.9474500000
10.9434100000
10.9393600000
10.9353300000
10.9312900000
10.9272600000
10.9232400000
10.9192200000
10.9152100000
10.9111900000
10.9071900000
10.9031900000
10.8991900000
10.8952000000
10.8912200000
10.8872400000
10.8832600000
10.8792900000
10.8753300000
10.8713600000
10.8674100000
10.8634600000
10.8595100000
10.8555700000
10.8516300000
10.8476900000
10.8437700000
10.8398400000
10.8359300000
10.8320100000
10.8281000000
10.8242000000
10.8203000000
10.8164100000
10.8125200000
10.8086400000
10.8047600000
10.8008800000
10.7970200000
10.7931500000
10.7892900000
10.7854400000
10.7815900000
10.7777500000
10.7739100000
10.7700800000
10.7662500000
10.7624300000
10.7586100000
10.7548000000
10.7509900000
10.7471900000
10.7433900000
10.7396000000
10.7358100000
10.7320300000
10.7282500000
10.7244800000
10.7207200000
10.7169600000
10.7132000000
10.7094500000
10.7057000000
10.7019600000
10.6982300000
10.6944900000
10.6907700000
10.6870400000
10.6833300000
10.6796200000
10.6759100000
10.6722100000
10.6685100000
10.6648200000
10.6611300000
10.6574500000
10.6537700000
10.6501000000
10.6464300000
10.6427700000
10.6391100000
10.6354500000
10.6318100000
10.6281600000
10.6245300000
10.6208900000
10.6172600000
10.6136400000
10.6100200000
10.6064100000
10.6028000000
10.5992000000
10.5956000000
10.5920000000
10.5884100000
10.5848300000
10.5812500000
10.5776700000
10.5741000000
10.5705400000
10.5669700000
10.5634200000
10.5598700000
10.5563200000
10.5527800000
10.5492400000
10.5457000000
10.5421800000
10.5386500000
10.5351300000
10.5316200000
10.5281000000
10.5246000000
10.5210900000
10.5176000000
10.5141000000
10.5106100000
10.5071300000
10.5036400000
10.5001700000
10.4966900000
10.4932300000
10.4897600000
10.4863000000
10.4828500000
10.4793900000
10.4759500000
10.4725000000
10.4690600000
10.4656300000
10.4622000000
10.4587700000
10.4553500000
10.4519300000
10.4485100000
10.4451100000
10.4417000000
10.4383000000
10.4349000000
10.4315100000
10.4281200000
10.4247400000
10.4213600000
10.4179800000
10.4146100000
10.4112400000
10.4078800000
10.4045100000
10.4011600000
10.3978100000
10.3944600000
10.3911200000
10.3877800000
10.3844500000
10.3811200000
10.3777900000
10.3744700000
10.3711500000
10.3678300000
10.3645200000
10.3612100000
10.3579000000
10.3546000000
10.3513100000
10.3480100000
10.3447200000
10.3414300000
10.3381500000
10.3348700000
10.3315900000
10.3283200000
10.3250500000
10.3217900000
10.3185300000
10.3152700000
10.3120200000
10.3087700000
10.3055200000
10.3022800000
10.2990400000
10.2958100000
10.2925700000
10.2893500000
10.2861200000
10.2829000000
10.2796800000
10.2764700000
10.2732600000
10.2700600000
10.2668600000
10.2636600000
10.2604600000
10.2572700000
10.2540800000
10.2508900000
10.2477100000
10.2445300000
10.2413600000
10.2381900000
10.2350200000
10.2318600000
10.2286900000
10.2255400000
10.2223800000
10.2192300000
10.2160900000
10.2129400000
10.2098000000
10.2066600000
10.2035300000
10.2004000000
10.1972700000
10.1941500000
10.1910200000
10.1879000000
10.1847900000
10.1816700000
10.1785600000
10.1754600000
10.1723600000
10.1692500000
10.1661500000
10.1630600000
10.1599700000
10.1568800000
10.1537900000
10.1507100000
10.1476300000
10.1445500000
10.1414800000
10.1384100000
10.1353400000
10.1322700000
10.1292100000
10.1261500000
10.1230900000
10.1200400000
10.1169900000
10.1139400000
10.1109000000
10.1078500000
10.1048100000
10.1017700000
10.0987400000
10.0957100000
10.0926800000
10.0896500000
10.0866200000
10.0836000000
10.0805800000
10.0775700000
10.0745500000
10.0715400000
10.0685300000
10.0655300000
10.0625200000
10.0595200000
10.0565200000
10.0535200000
10.0505300000
10.0475400000
10.0445500000
10.0415600000
10.0385800000
10.0356000000
10.0326200000
10.0296400000
10.0266700000
10.0237000000
10.0207300000
10.0177700000
10.0148100000
10.0118400000
10.0088900000
10.0059300000
10.0029800000
10.0000300000
9.9970870000
